41.9026044424526, 12.473033904583
41.9038379916109, 12.4746543947883
41.9045006406802, 12.4750682711826
41.9045006406802, 12.4750682711826
41.9045006406802, 12.4750682711826
41.9045006406802, 12.4750682711826
41.905001165443, 12.4750989490726
41.9064406859074, 12.4752079766757
41.9088865360868, 12.4738163139986
41.9097197140164, 12.4732572798654
41.9101655747091, 12.4744082172232
41.9102330298211, 12.4759114919684
41.910171390057, 12.4761865835251
41.910171390057, 12.4761865835251
41.910171390057, 12.4761865835251
41.910171390057, 12.4761865835251
41.9100695099234, 12.4762279297049
41.9100695099234, 12.4762279297049
41.9100695099234, 12.4762279297049
41.9092331693326, 12.4760446867353
41.9079586448536, 12.4758914418279
41.9066627467491, 12.4757068633623
41.9066627467491, 12.4757068633623
41.9064396841088, 12.4771294999603
41.9051864186636, 12.477020332684
41.9047799334044, 12.4774004461597
41.9046814455767, 12.4786766747836
41.9046188610425, 12.4789990765517
41.9052676903517, 12.4808734554176
41.9052676903517, 12.4808734554176
41.9052676903517, 12.4808734554176
41.9052676903517, 12.4808734554176
41.9052676903517, 12.4808734554176
41.9040212489119, 12.4850652045116
41.9040824945479, 12.48566642128
41.9044762932287, 12.4858105618177
41.9043176007361, 12.4865258245632
41.9039686332952, 12.4874032529397
41.9045158386956, 12.4881947766561
41.9062967490311, 12.490096804146
41.9062967490311, 12.490096804146
41.9062967490311, 12.490096804146
41.9062967490311, 12.490096804146
41.9062967490311, 12.490096804146
41.9068599403359, 12.4903790751527
41.9071860841828, 12.4902031688445
41.9077169797592, 12.4897317160684
41.9077169797592, 12.4897317160684
41.9077169797592, 12.4897317160684
41.909531894607, 12.4886704650699
41.909736467718, 12.4894046516869
41.909736467718, 12.4894046516869
41.9102028867638, 12.4899215173789
41.9116152744039, 12.4920298680692
41.9127874299986, 12.4929061846492
