41.8978021957627, 12.4691156908494
41.8970159988625, 12.4720580472839
41.8961464169627, 12.4763626460411
41.8947598795821, 12.4763312651994
41.8934514728983, 12.4754141960854
41.8917690784545, 12.4745764263814
41.8904793354439, 12.4743717158778
41.8908496801408, 12.47455969802
41.8915845994146, 12.4746221967962
41.8915845994146, 12.4746221967962
41.8915845994146, 12.4746221967962
41.8915845994146, 12.4746221967962
41.8920202310298, 12.474597127165
41.893706088401, 12.4755649488579
41.8948840698967, 12.4774689774766
41.8949041376681, 12.4793695851444
41.8947363103768, 12.4810237177839
41.894274936855, 12.481957338641
41.8956177419545, 12.482619845516
41.8962729102277, 12.4828319519413
41.8962729102277, 12.4828319519413
41.8962729102277, 12.4828319519413
41.8962729102277, 12.4828319519413
41.8962729102277, 12.4828319519413
41.8962729102277, 12.4828319519413
41.8962729102277, 12.4828319519413
41.8962729102277, 12.4828319519413
41.8962729102277, 12.4828319519413
41.8962729102277, 12.4828319519413
41.8962729102277, 12.4828319519413
41.8962729102277, 12.4828319519413
41.8962396743194, 12.482697424668
41.8964484654797, 12.4825436587487
41.8969571574251, 12.4837609646101
41.8969571574251, 12.4837609646101
41.8971147338114, 12.4852708527735
41.896182504324, 12.4861217571412
41.8968468071525, 12.4875500998723
41.8980825413513, 12.4894380215081
41.8987570432025, 12.4903028646131
41.8987999874174, 12.4903647242099
41.8987999874174, 12.4903647242099
41.8992621732526, 12.4910665075092
41.8994866824953, 12.4913966373017
41.8994866824953, 12.4913966373017
41.8994866824953, 12.4913966373017
41.9005560251356, 12.4930308948729
41.8999694882862, 12.4942725705411
41.8987801994345, 12.4965799282943
