41.9016823922694, 12.4749260148642
41.9020173640699, 12.4750954480097
41.9022429149205, 12.4754952795418
41.9022917803741, 12.4758087316975
41.9017357287801, 12.4760885245064
41.9013543114771, 12.4762431741545
41.9011681863629, 12.4766361565384
41.9018766373262, 12.4773607486082
41.9018766373262, 12.4773607486082
41.9020154346495, 12.4774494843819
41.9022124626483, 12.4775344352202
41.902372587665, 12.4775924279651
41.9024324500634, 12.4781147279551
41.9024163347756, 12.478300401094
41.9023934774408, 12.4784410133703
41.9023557321734, 12.4792610218177
41.9024366659755, 12.4796118929948
41.9024366659755, 12.4796118929948
41.9024367262689, 12.4796121103817
41.9024592555919, 12.4798349518099
41.901867295319, 12.4800894869119
41.9015008612629, 12.4802782150178
41.9015717834739, 12.4804663689058
41.9016398633091, 12.4806424554529
41.9017785494431, 12.4811210151707
41.9018346479657, 12.4813526518594
41.9018346479657, 12.4813526518594
41.9018346479657, 12.4813526518594
41.9019665359398, 12.4813008101621
41.9019665359398, 12.4813008101621
41.9019665359398, 12.4813008101621
41.9019665359398, 12.4813008101621
41.9019665359398, 12.4813008101621
41.9019665359398, 12.4813008101621
41.9019665359398, 12.4813008101621
41.9019665359398, 12.4813008101621
41.9019665359398, 12.4813008101621
41.9019665359398, 12.4813008101621
41.9020419043144, 12.4813372329481
41.9020419043144, 12.4813372329481
41.9021572399145, 12.481308610612
41.9021572399145, 12.481308610612
41.9021572399145, 12.481308610612
41.9021572399145, 12.481308610612
41.9021572399145, 12.481308610612
41.9021572399145, 12.481308610612
41.9021572399145, 12.481308610612
41.9021572399145, 12.481308610612
41.9021572399145, 12.481308610612
41.9021572399145, 12.481308610612
41.9021572399145, 12.481308610612
41.9021572399145, 12.481308610612
41.902185447528, 12.4812257867558
41.902185447528, 12.4812257867558
41.902185447528, 12.4812257867558
41.902185447528, 12.4812257867558
41.902185447528, 12.4812257867558
41.9021697928726, 12.4811543973339
41.9021587728143, 12.4810698845825
41.9021587728143, 12.4810698845825
41.9021587728143, 12.4810698845825
41.9021572633647, 12.4810671266954
41.9020469735314, 12.4809081164896
41.9020056457068, 12.4807065697269
41.9020056457068, 12.4807065697269
41.9020056457068, 12.4807065697269
41.9020056457068, 12.4807065697269
41.9019905782561, 12.480690724861
41.9019119342555, 12.4806678963393
41.9019119342554, 12.4806678963392
41.9019119342554, 12.4806678963392
41.9019119342554, 12.4806678963392
41.9019119342554, 12.4806678963392
41.9019119342554, 12.4806678963392
41.9019119342554, 12.4806678963392
41.9019119342554, 12.4806678963392
41.9019119342554, 12.4806678963392
41.9019119342554, 12.4806678963392
41.9019119342554, 12.4806678963392
41.9019119342554, 12.4806678963392
41.9019119342554, 12.4806678963392
41.9019119342554, 12.4806678963392
41.9018446202442, 12.4806691835281
41.9018446202442, 12.4806691835281
41.9018446202442, 12.4806691835281
41.9018446202442, 12.4806691835281
41.9018446202442, 12.4806691835281
41.9018446202442, 12.4806691835281
41.9018446202442, 12.4806691835281
41.9018446202442, 12.4806691835281
41.9018446202442, 12.4806691835281
41.9018446202442, 12.4806691835281
41.9018352558806, 12.48067449518
41.9018215898125, 12.4806768369822
41.9018215898125, 12.4806768369822
41.9018215898125, 12.4806768369822
41.9018215898125, 12.4806768369822
41.9018215898125, 12.4806768369822
41.9018215898125, 12.4806768369822
41.9018215898125, 12.4806768369822
41.9018215898125, 12.4806768369822
41.9018215898125, 12.4806768369822
41.9018215898125, 12.4806768369822
41.9018215898125, 12.4806768369822
41.9018215898125, 12.4806768369822
41.9018215898125, 12.4806768369822
41.9018215898125, 12.4806768369822
41.9018215898125, 12.4806768369822
41.9018215898125, 12.4806768369822
41.9018215898125, 12.4806768369822
41.9018215898125, 12.4806768369822
41.9018215898125, 12.4806768369822
41.9018215898125, 12.4806768369822
41.9018215898125, 12.4806768369822
41.9018215898125, 12.4806768369822
41.9018215898125, 12.4806768369822
41.9018215898125, 12.4806768369822
41.9018215898125, 12.4806768369822
41.9018215898125, 12.4806768369822
41.9018215898125, 12.4806768369822
41.9018215898125, 12.4806768369822
41.9018215898125, 12.4806768369822
41.9018215898125, 12.4806768369822
41.9018215898125, 12.4806768369822
41.9018215898125, 12.4806768369822
41.9018215898125, 12.4806768369822
41.9018030215904, 12.4806986998192
41.9017383611108, 12.4807644714719
41.9017355444224, 12.4807688673227
41.9017350661435, 12.4807724508675
41.9015991982769, 12.4807773257283
41.9017827036478, 12.4814800386519
41.9019241853457, 12.4820471115917
41.9020321192881, 12.4823718097289
41.902155718625, 12.4827670073103
41.9022918772607, 12.4834105993626
41.9023057657312, 12.4835676018011
41.9025816042639, 12.4847615154777
41.9026805501616, 12.48564898462
41.9026219886483, 12.4857552784349
41.9020598292724, 12.4864374115466
41.9020598292724, 12.4864374115466
41.9020598292724, 12.4864374115466
41.8996519390405, 12.4895264961892
41.8990014886104, 12.4900680724561
41.8990014886104, 12.4900680724561
41.898978196122, 12.4901115787115
41.8988928288791, 12.4904437209014
41.8992699244285, 12.4910805332127
41.8995818387114, 12.4915502535186
41.8996495996701, 12.4916723688311
41.8998448216024, 12.4918946317796
41.9000233420413, 12.4922375893334
41.9003079150751, 12.4926570835024
41.9004559843493, 12.4928720847906
41.9004559843493, 12.4928720847906
41.9004559843493, 12.4928720847906
41.9004559843493, 12.4928720847906
41.9004559843493, 12.4928720847906
41.9004559843493, 12.4928720847906
41.9004559843493, 12.4928720847906
41.9006051301153, 12.4930539060945
41.9003965256053, 12.4935097863757
41.9000448322171, 12.4941262810771
41.8996794853537, 12.4947840605637
41.8990976960995, 12.4958035242926
41.8986743031657, 12.4965228685025
41.8983616292789, 12.4969347793765
41.8977091628245, 12.4974357835761
41.8971677122799, 12.4980630839399
41.8969345136416, 12.4987641873538
41.8963610599091, 12.4994601320774
41.8955771809173, 12.4998956236779
41.8951636516642, 12.5000814575598
41.8951636516642, 12.5000814575598
41.8951636516642, 12.5000814575598
41.8951636516642, 12.5000814575598
41.8951636516642, 12.5000814575598
41.8951636516642, 12.5000814575598
41.8951636516642, 12.5000814575598
41.8949759161361, 12.5002059276276
41.8944045018764, 12.5005653546739
41.8938303205413, 12.5008889676912
41.893575416823, 12.5009937976134
41.893575416823, 12.5009937976134
41.893575416823, 12.5009937976134
41.893575416823, 12.5009937976134
41.893575416823, 12.5009937976134
41.893575416823, 12.5009937976134
41.893575416823, 12.5009937976134
41.8935612843949, 12.5010611708744
41.8938930567773, 12.5015179021379
41.8945091886141, 12.5020176458739
41.8946786826931, 12.5021877926814
41.894754799398, 12.5022651887637
41.894754799398, 12.5022651887637
41.8950295326782, 12.5025684467846
41.8953414405052, 12.5028419966692
41.8956213370285, 12.502517076025
41.8957890436294, 12.5021664991298
41.8957890436294, 12.5021664991298
41.8958157580132, 12.5019823147999
41.8962579748893, 12.5014017716155
41.8965862485129, 12.5007930040706
41.8968987977391, 12.5001719924603
41.8970570435219, 12.4998680239559
41.8971047959967, 12.499767712016
41.897428402287, 12.499379814038
41.8975938014263, 12.4993735887852
41.8977872513464, 12.4992587094506
41.8982390460111, 12.4982847378207
