41.9010336425325, 12.5008345000413
41.9010336425325, 12.5008345000413
41.9010336425325, 12.5008345000413
41.9010336425325, 12.5008345000413
41.9010336425325, 12.5008345000413
41.9010336425325, 12.5008345000413
41.9010336425325, 12.5008345000413
41.9010336425325, 12.5008345000413
41.9010336425325, 12.5008345000413
41.9010336425325, 12.5008345000413
41.9010336425325, 12.5008345000413
41.9010336425325, 12.5008345000413
41.9010336425325, 12.5008345000413
41.9010336425325, 12.5008345000413
41.9010336425325, 12.5008345000413
41.9010336425325, 12.5008345000413
41.9010336425325, 12.5008345000413
41.9010495864202, 12.5008252638216
41.9010495864202, 12.5008252638216
41.9010495864202, 12.5008252638216
41.9010495864202, 12.5008252638216
41.9010495864202, 12.5008252638216
41.9010495864202, 12.5008252638216
41.9010495864202, 12.5008252638216
41.9010495864202, 12.5008252638216
41.9010495864202, 12.5008252638216
41.9010495864202, 12.5008252638216
41.9010495864202, 12.5008252638216
41.9010495864202, 12.5008252638216
41.9010495864202, 12.5008252638216
41.9010429676394, 12.5008137717716
41.9009472344341, 12.5006576077587
41.900933904788, 12.5006610515899
41.9009339047752, 12.5006610515945
41.9009339047752, 12.5006610515945
41.9009339047752, 12.5006610515945
41.9009229392004, 12.5006508152396
41.9009229392004, 12.5006508152396
41.9009229392004, 12.5006508152396
41.9009229392004, 12.5006508152396
41.900912631651, 12.5006406849016
41.9009111047484, 12.5006271700032
41.9009056412953, 12.5006172539665
41.9009056412953, 12.5006172539665
41.9009132972625, 12.5006088535839
41.9009132972625, 12.5006088535839
41.9009132972625, 12.5006088535839
41.9009132972625, 12.5006088535839
41.9009132972625, 12.5006088535839
41.9009132972625, 12.5006088535839
41.9009132972625, 12.5006088535839
41.9009132972625, 12.5006088535839
41.9006294229505, 12.5003639878047
41.9010724050862, 12.4994486113346
41.9017469083178, 12.4986724441876
41.9017520664123, 12.4986619497991
41.9025693453251, 12.4972428948192
41.9035959518134, 12.4960090688197
41.9044912395979, 12.4970487336355
41.9051724015672, 12.4962091520202
41.9057281613982, 12.4955404598043
41.9060986110281, 12.4947105739619
41.906796979289, 12.4939646415711
41.9079018323574, 12.4936311931509
41.908284226495, 12.4935274978433
41.908284226495, 12.4935274978433
41.9081019700479, 12.4924887157058
41.9075487046299, 12.4906503017382
41.9074602919248, 12.4896137560666
41.9095002029134, 12.4885025316377
41.9101362833581, 12.4896135952151
41.9111909889424, 12.4915878135202
41.9119909501408, 12.492351015995
41.9119909501408, 12.492351015995
41.9127219758853, 12.4927682889402
41.914081898947, 12.4938041467309
41.9157849958973, 12.4944231349647
41.9171186945854, 12.4960526198507
41.9171186945854, 12.4960526198507
41.9171186945854, 12.4960526198507
41.9178104349663, 12.4968783085485
41.9192768896944, 12.4983333717264
41.9194066805138, 12.4984870295104
41.9194066805138, 12.4984870295104
41.9218753878891, 12.5011993840132
41.9227161855653, 12.5020328801256
41.9233950536919, 12.502681019346
41.9247955052524, 12.5040093595101
41.9267381870286, 12.5058817916167
