41.9080375105289, 12.4892439754664
41.9080375105289, 12.4892439754664
41.9078975918954, 12.4894883086555
41.9073965057558, 12.4901808092825
41.9075705356259, 12.4903980961425
41.9074624405263, 12.4903484680903
41.9074624405263, 12.4903484680903
41.9074624405263, 12.4903484680903
41.9074624405263, 12.4903484680903
41.9074624405263, 12.4903484680903
41.9074624405263, 12.4903484680903
41.9074624405263, 12.4903484680903
41.9074624405263, 12.4903484680903
41.9074624405263, 12.4903484680903
41.9074624405263, 12.4903484680903
41.9074624405263, 12.4903484680903
41.9074624405263, 12.4903484680903
41.9074624405263, 12.4903484680903
41.9074624405263, 12.4903484680903
41.9074624405263, 12.4903484680903
41.9074624405263, 12.4903484680903
41.9074624405263, 12.4903484680903
41.9074624405263, 12.4903484680903
41.907452273107, 12.4903426284885
41.9073832839437, 12.4903332899194
41.9074059100299, 12.4903574108967
41.9074467361943, 12.4904010405578
41.9075002551626, 12.4903380723297
41.9075369106093, 12.4903245321403
41.9074945066052, 12.4902872299
41.9074855876074, 12.4902806494209
41.9074966514775, 12.4902679903727
41.9074493492509, 12.4902712468512
41.907431095437, 12.4903068861554
41.9074276423875, 12.4903113050043
41.9074276423875, 12.4903113050043
41.9074276423875, 12.4903113050043
41.9074091570506, 12.4903427867877
41.9074900129659, 12.49034063603
41.9074992860965, 12.4903487207739
41.9074992860965, 12.4903487207739
41.9074404884998, 12.4903039106445
41.9074404884998, 12.4903039106445
41.9074404884998, 12.4903039106445
41.9074404884998, 12.4903039106445
41.9074404884998, 12.4903039106445
41.9074327157577, 12.4902251881441
41.9074438420809, 12.49020210329
41.9074221169046, 12.4902180495608
41.9074363525702, 12.4901712093973
41.9074320643679, 12.4901697200922
41.9074320643679, 12.4901697200922
41.9074198818281, 12.4902237582665
41.907440358594, 12.4902483550225
41.9074369912264, 12.4902392859521
41.9074060802385, 12.4902623793159
41.907423553816, 12.4902604757388
41.9074074888507, 12.490211007164
41.9074133681418, 12.4903261062526
41.9074439045479, 12.4902687892893
41.907440955059, 12.4902572778439
41.9074383475904, 12.4902544729269
41.9074730048832, 12.4902597830098
41.907415832863, 12.4902745984585
41.9073943187074, 12.4902684843362
41.9074580093547, 12.4902271071577
41.9074657875303, 12.490229906511
41.9074657875303, 12.490229906511
41.9074657875303, 12.490229906511
41.9074657875303, 12.490229906511
41.9074657875303, 12.490229906511
41.9074657875303, 12.490229906511
41.9074657875303, 12.490229906511
41.9074657875303, 12.490229906511
41.9074657875303, 12.490229906511
41.9074657875303, 12.490229906511
41.9074657875303, 12.490229906511
41.9074657875303, 12.490229906511
41.9074657875303, 12.490229906511
41.9074657875303, 12.490229906511
41.9074657875303, 12.490229906511
41.9074657875303, 12.490229906511
41.9074657875303, 12.490229906511
41.9074657875303, 12.490229906511
41.9074657875303, 12.490229906511
41.9074657875303, 12.490229906511
41.9074657875303, 12.490229906511
41.9074657875303, 12.490229906511
41.9074657875303, 12.490229906511
41.9074657875303, 12.490229906511
41.9074657875303, 12.490229906511
41.907361037215, 12.4903060431795
41.9074159413708, 12.4903802056676
41.9074972908339, 12.4903518074685
41.9074154823048, 12.4903064543021
41.9073805964111, 12.4902802252759
41.9073555935047, 12.490278728959
41.9072900980249, 12.4902418791782
41.9074108450665, 12.4904123267821
41.9074506995084, 12.4903659972042
41.9074333711542, 12.490333878087
41.9074333711542, 12.490333878087
41.9074333711542, 12.490333878087
41.9074333711542, 12.490333878087
41.9074333711542, 12.490333878087
41.9074333711542, 12.490333878087
41.9074333711542, 12.490333878087
41.9074333711542, 12.490333878087
41.9074333711542, 12.490333878087
41.9074273882431, 12.4903413439131
41.9074085205678, 12.4904262735725
41.9074089038552, 12.4904272783335
41.9074089038552, 12.4904272783335
41.9074097883916, 12.4904270667228
41.907405366513, 12.490425307319
41.9074053665309, 12.4904253073496
41.9073986356775, 12.4904274917793
41.9074026724758, 12.4904164840475
41.9074026724758, 12.4904164840475
41.9073947872431, 12.4904057568279
41.9073959258603, 12.4903953533156
41.907397408028, 12.4903890740779
41.9073953263899, 12.4903819176252
41.9074002404455, 12.4903713802555
41.9074002543932, 12.4903713267905
41.907418547114, 12.4903484043296
41.907418547114, 12.4903484043296
41.907418547114, 12.4903484043296
41.907418547114, 12.4903484043296
41.907418547114, 12.4903484043296
41.907418547114, 12.4903484043296
41.907418547114, 12.4903484043296
41.907418547114, 12.4903484043296
41.907418547114, 12.4903484043296
41.907418547114, 12.4903484043296
41.907418547114, 12.4903484043296
41.907418547114, 12.4903484043296
41.907418547114, 12.4903484043296
41.907418547114, 12.4903484043296
41.907418547114, 12.4903484043296
41.907418547114, 12.4903484043296
41.907418547114, 12.4903484043296
41.907418547114, 12.4903484043296
41.907418547114, 12.4903484043296
41.907418547114, 12.4903484043296
41.907418547114, 12.4903484043296
41.907418547114, 12.4903484043296
41.907418547114, 12.4903484043296
41.907418547114, 12.4903484043296
41.907418547114, 12.4903484043296
41.907418547114, 12.4903484043296
41.907418547114, 12.4903484043296
41.907418547114, 12.4903484043296
41.907418547114, 12.4903484043296
41.907418547114, 12.4903484043296
41.907418547114, 12.4903484043296
41.907418547114, 12.4903484043296
41.907418547114, 12.4903484043296
41.9073948607823, 12.4902697706087
41.9074203902581, 12.490274646527
41.9074203902581, 12.490274646527
41.9074050718927, 12.4902314196124
41.9074024961077, 12.4901996045403
41.9074024961077, 12.4901996045403
41.9074024961077, 12.4901996045403
41.9074024961077, 12.4901996045403
41.9074024961077, 12.4901996045403
41.9074024961077, 12.4901996045403
41.9074024961077, 12.4901996045403
41.9074024961077, 12.4901996045403
41.9074024961077, 12.4901996045403
41.9074024961077, 12.4901996045403
41.9074024961077, 12.4901996045403
41.9074024961077, 12.4901996045403
41.9074024961077, 12.4901996045403
41.9074024961077, 12.4901996045403
41.9074024961077, 12.4901996045403
41.9073723347093, 12.490196130612
41.9073198174987, 12.4901709059719
41.9072063313779, 12.4901349193858
41.9072968747671, 12.4901737873799
41.9073501015497, 12.4901896311482
41.907471062455, 12.4902376105527
41.9074901475156, 12.4901871724342
41.9075063112503, 12.4901917094266
41.9075063112503, 12.4901917094266
41.9075063112503, 12.4901917094266
41.9075063112503, 12.4901917094266
41.9074848362093, 12.4901811235985
41.9074848362093, 12.4901811235985
41.9074848362093, 12.4901811235985
41.9074848362093, 12.4901811235985
41.9073969137779, 12.49009170065
41.9074107164756, 12.4901043298213
41.9074135263733, 12.4902311308872
41.9074063298413, 12.4902390229563
41.9074063298413, 12.4902390229563
41.9074063298413, 12.4902390229563
41.9074063298413, 12.4902390229563
41.9074063298413, 12.4902390229563
41.9074050045043, 12.4902302968241
41.9074187828824, 12.4902323004199
41.9074272836652, 12.4902333257149
41.9074272836652, 12.4902333257149
41.9074272836652, 12.4902333257149
41.9074272836652, 12.4902333257149
41.9074272836652, 12.4902333257149
41.9074272836652, 12.4902333257149
41.9074272836652, 12.4902333257149
41.9074087635732, 12.4901714924712
41.9074063977917, 12.4902038638707
41.9074063977917, 12.4902038638707
41.9074063977917, 12.4902038638707
41.9074063977917, 12.4902038638707
41.9074063977917, 12.4902038638707
41.9074063977917, 12.4902038638707
41.9074063977917, 12.4902038638707
41.9074063977917, 12.4902038638707
41.9073367163636, 12.4901639600534
41.9073469571899, 12.4901317844355
41.9073675552002, 12.4901349302475
41.9073675552002, 12.4901349302475
41.9073675552002, 12.4901349302475
41.9073675552002, 12.4901349302475
41.9073675552002, 12.4901349302475
41.9073590411346, 12.4901291211704
41.9073441005779, 12.4901164643026
41.9073407343814, 12.4901163846134
41.9073407343814, 12.4901163846134
41.9073407343814, 12.4901163846134
41.9073422257407, 12.4901172816363
41.9073422257407, 12.4901172816363
41.9073422257407, 12.4901172816363
41.9073422257407, 12.4901172816363
41.9073422257407, 12.4901172816363
41.9073422257407, 12.4901172816363
41.9073422257407, 12.4901172816363
41.9073422257407, 12.4901172816363
41.9073422257407, 12.4901172816363
41.9073301136583, 12.4901067062701
41.9073301136583, 12.4901067062701
41.907351986641, 12.4900664306423
41.9073978422619, 12.4901547669512
41.9074035678273, 12.4901665410081
41.9074035678273, 12.4901665410081
41.9074035678273, 12.4901665410081
41.9074035678273, 12.4901665410081
41.9074035678273, 12.4901665410081
41.9074035678273, 12.4901665410081
41.9074035678273, 12.4901665410081
41.907408036884, 12.4901641848084
41.907408036884, 12.4901641848084
41.907408036884, 12.4901641848084
41.907408036884, 12.4901641848084
41.907408036884, 12.4901641848084
41.9074120649131, 12.4901696390419
41.9074120649131, 12.4901696390419
41.9074120649131, 12.4901696390419
41.9074120649131, 12.4901696390419
41.9072890847702, 12.4900696005983
41.9072884959783, 12.4901119192744
41.9072613808678, 12.4901779228481
41.9072705404763, 12.4901599240014
41.9073382831748, 12.4901319937395
41.9074295448479, 12.4901177149137
41.9074307067072, 12.4901413202755
41.907439744304, 12.4901409085501
41.9074791378431, 12.4901849200042
41.9074743117058, 12.4901728281345
41.907496805065, 12.4901459731865
41.9074591568009, 12.4901602502709
41.9074856321665, 12.490189851938
41.9075146800266, 12.4901797837235
41.907514680033, 12.4901797837271
41.907514680033, 12.4901797837271
41.907514680033, 12.4901797837271
41.907514680033, 12.4901797837271
41.907514680033, 12.4901797837271
41.907514680033, 12.4901797837271
41.907514680033, 12.4901797837271
41.907514680033, 12.4901797837271
41.907514680033, 12.4901797837271
41.907514680033, 12.4901797837271
41.907514680033, 12.4901797837271
41.907514680033, 12.4901797837271
41.9074958466583, 12.4901770664076
41.9073670689733, 12.4900684305449
41.9073390733644, 12.4899852385178
41.9073456781792, 12.4900053544707
41.9073781733491, 12.4900641243237
41.9073672157841, 12.4900939034182
41.9073837358305, 12.4900779009922
41.9074442990503, 12.4900399932874
41.9074503824331, 12.4900357959216
41.9074503824331, 12.4900357959216
41.9074503824331, 12.4900357959216
41.907446344507, 12.4900030294267
41.9074189434048, 12.4899659750898
41.9074182666826, 12.4899943577706
41.9074182666826, 12.4899943577706
41.9074182666826, 12.4899943577706
41.9074158235938, 12.4899897126713
41.9074158235938, 12.4899897126713
41.9074158235938, 12.4899897126713
41.9074158235938, 12.4899897126713
41.9074158235938, 12.4899897126713
41.9074158235938, 12.4899897126713
41.9074158235938, 12.4899897126713
41.9074549276057, 12.4900096358064
41.9074686253318, 12.4899813734396
41.9074466915953, 12.4899526368663
41.9074042911953, 12.4899833003155
41.9074172784038, 12.4900191220496
41.907431729582, 12.4900483866846
41.9074217333159, 12.4900182737384
41.9073910093841, 12.4899606080772
41.9074473428894, 12.4900456352384
41.9074611045703, 12.4900713082086
41.9074611045703, 12.4900713082086
41.9074611045703, 12.4900713082086
41.9074574215377, 12.4900857492138
41.9074574215363, 12.490085749219
41.9074574215363, 12.490085749219
41.9074574215363, 12.490085749219
41.9074574215363, 12.490085749219
41.9074574215363, 12.490085749219
41.9074574215363, 12.490085749219
41.9074574215363, 12.490085749219
41.9074574215363, 12.490085749219
41.9074601816565, 12.490080909995
41.9074601816565, 12.490080909995
41.9074601816565, 12.490080909995
41.9074601816565, 12.490080909995
41.9074601816565, 12.490080909995
41.9074601816565, 12.490080909995
41.9074601816565, 12.490080909995
41.9074601816565, 12.490080909995
41.9074601816565, 12.490080909995
41.9074627521574, 12.4900649309818
41.9074644746641, 12.4899858544381
41.9074644804927, 12.489985870691
41.9074823639974, 12.490067518698
41.9075294656933, 12.4901329181359
41.9074940041852, 12.4901005891343
41.907454700219, 12.4900551489328
41.9074677242005, 12.4900693070343
41.9074677242005, 12.4900693070343
41.9073597529395, 12.4902192569575
41.9074351062252, 12.4901270084911
41.9074881164718, 12.4901811750803
41.9074550778845, 12.490186752206
41.9074266636727, 12.490142599926
41.9074266636752, 12.4901425999162
41.9074266636752, 12.4901425999162
41.9074266636752, 12.4901425999162
41.9074266636752, 12.4901425999162
41.9074266636752, 12.4901425999162
41.9074266636752, 12.4901425999162
41.9074266636752, 12.4901425999162
41.9074266636752, 12.4901425999162
41.9074266636752, 12.4901425999162
41.9074266636752, 12.4901425999162
41.9074266636752, 12.4901425999162
41.9074266636752, 12.4901425999162
41.9074266636752, 12.4901425999162
41.9074266636752, 12.4901425999162
41.9074266636752, 12.4901425999162
41.9074266636752, 12.4901425999162
41.9074266636752, 12.4901425999162
41.9074266636752, 12.4901425999162
41.9074266636752, 12.4901425999162
41.9073414747684, 12.4900767343152
41.9074001589655, 12.4899990548059
41.9074075881271, 12.4900069730348
41.9074192367313, 12.4900413751477
41.9074163352806, 12.4900497266066
41.9074254911876, 12.4900545779219
41.9074254911876, 12.4900545779219
41.9074254911876, 12.4900545779219
41.9074254911876, 12.4900545779219
41.9074254911876, 12.4900545779219
41.9074246594417, 12.4900537519631
41.9074246594417, 12.4900537519631
41.9074276079239, 12.490050254039
41.9074268087488, 12.4900489433579
41.9074311812755, 12.4900535733711
41.907444523808, 12.4900602596925
41.9074625649969, 12.4900542731397
41.9074696793306, 12.4900463930857
41.9074678280248, 12.4900399106233
41.9074678280248, 12.4900399106233
41.9074678280248, 12.4900399106233
41.9074673636348, 12.4900353461616
41.9074630581051, 12.4900276955433
41.9074630581051, 12.4900276955433
41.9074630581051, 12.4900276955433
41.9074630581051, 12.4900276955433
41.907453296031, 12.4900309570127
41.907453296031, 12.4900309570127
41.9074584090725, 12.4900403130964
41.9074655298144, 12.4900452009314
41.9074753847053, 12.4900554024298
41.9074753849942, 12.4900554024993
41.9074753849942, 12.4900554024993
41.9074726550649, 12.4900497534473
41.9074726011731, 12.4900496645313
41.9074726011731, 12.4900496645313
41.9074688393444, 12.490043856763
41.9074651158358, 12.4900436092616
41.9074193384317, 12.490026695752
41.9073994005575, 12.4900137387004
41.9073994005575, 12.4900137387004
41.9073994005575, 12.4900137387004
41.9073994005575, 12.4900137387004
41.9074029221626, 12.4899783508509
41.9073883983768, 12.4899460578898
41.907371256744, 12.4899173576075
41.9073386461893, 12.4899455593229
41.9073555525557, 12.4899829617213
41.9073539689113, 12.4899809628411
41.9073539689113, 12.4899809628411
41.9073539689113, 12.4899809628411
41.9074091916249, 12.4900234480368
41.9074429480112, 12.4900702045316
41.9074429480112, 12.4900702045316
41.9074429480112, 12.4900702045316
41.9073788750384, 12.4899000362443
41.9073970102336, 12.4899136035302
41.907439215416, 12.4899561456401
41.9073617859245, 12.4899237452103
41.9073615355917, 12.4899485196296
41.9073628241882, 12.4899384039243
41.9073800868246, 12.489957153953
41.9074011170456, 12.4899972409552
41.9071941970343, 12.4899786470219
41.9061813136863, 12.489778459171
41.9052825479649, 12.4879711666762
41.9038421902253, 12.4885299236832
41.9035661969001, 12.4882310931086
41.9030480848558, 12.4887028160792
41.9022599831509, 12.4901290485964
41.9015934794997, 12.4902385770769
41.9004824159465, 12.4886431227442
41.8990581792129, 12.4867918614934
41.8973792630984, 12.486850625845
41.8963180944006, 12.4864074426331
41.8966702780466, 12.4853049249014
41.8970722940931, 12.4840660058722
41.8965705533553, 12.4821635028292
41.8953365657868, 12.4818332541856
41.89446942193, 12.4811267785522
41.8934408062027, 12.4816224588347
41.8920136966161, 12.4802660104931
41.8905788034135, 12.480655612174
41.8891074190643, 12.4812507890737
41.8882732383396, 12.4813451595771
41.8882732383396, 12.4813451595771
41.8882732383396, 12.4813451595771
41.8882732383396, 12.4813451595771
41.8879665533447, 12.4811412288159
41.8870682229015, 12.4823586710018
41.8858800585699, 12.4839652293503
