41.9006290606533, 12.4651073110463
41.9006290606533, 12.4651073110463
41.9015570638259, 12.4638489051253
41.9022829258749, 12.4629553030022
41.9031892956273, 12.463022366524
41.9040517161355, 12.4631160294045
41.9053418969874, 12.4633423752238
41.906389460195, 12.4631746066746
41.9071652506669, 12.4627963612347
41.9071652506669, 12.4627963612347
41.9075814282873, 12.462665309661
41.9079588684272, 12.4620640162826
41.9078061785467, 12.4614940945227
41.9078061785467, 12.4614940945227
41.907715355003, 12.4609686714367
41.9081665578452, 12.4608276438735
41.9083722367626, 12.4608252459928
41.9084925161635, 12.4607423533154
41.9087304798943, 12.4606659341666
41.9087304798943, 12.4606659341666
41.9089605021034, 12.4606603237022
41.9091288083701, 12.459912682328
41.9087632641914, 12.459381664015
41.9082718880938, 12.4596408500912
41.90760221535, 12.4599673336752
41.9069520757792, 12.4602102953318
41.9064080812873, 12.4602081063445
41.9059758683925, 12.4602038340036
41.9053171163551, 12.4601157701142
41.9049573762199, 12.4609181487023
41.9045050426195, 12.4620539358906
41.9043164978319, 12.4627494619034
41.9043164978319, 12.4627494619034
41.9042177997782, 12.4629991327167
41.9035656019361, 12.4642597176334
41.9026404612689, 12.4644198047468
41.9026010377293, 12.4644162672225
41.9026010377293, 12.4644162672225
41.9016428451807, 12.4640224419233
41.8989499060092, 12.4627506947327
41.8974369364031, 12.4639182216915
41.8954867682022, 12.4656270971943
41.893692938717, 12.4679761233809
41.8930522504628, 12.4687943422022
41.8929670053997, 12.4689110408727
41.8926914765156, 12.4692235739576
41.8926914765156, 12.4692235739576
41.8926914765156, 12.4692235739576
41.8926914765156, 12.4692235739576
41.8925993983892, 12.469323809995
41.8925993983892, 12.469323809995
41.8925993983892, 12.469323809995
41.8925993983892, 12.469323809995
41.8925993983892, 12.469323809995
41.8925537197723, 12.4693891350226
41.8925537197723, 12.4693891350226
41.8925259938614, 12.4694387291839
41.8925108623692, 12.4694723834942
41.8925108623692, 12.4694723834942
41.8925108623692, 12.4694723834942
41.8925108623692, 12.4694723834942
41.8925108623692, 12.4694723834942
41.8925108623692, 12.4694723834942
41.8925108623692, 12.4694723834942
41.8925108623692, 12.4694723834942
41.8925034595662, 12.4694874759441
41.8925034595662, 12.4694874759441
41.8925034595662, 12.4694874759441
41.8925034595662, 12.4694874759441
41.8925034595662, 12.4694874759441
41.8925034595662, 12.4694874759441
41.8925034595662, 12.4694874759441
41.8925034595662, 12.4694874759441
41.8925034595662, 12.4694874759441
41.8925034595662, 12.4694874759441
41.8925034595662, 12.4694874759441
41.8925034595662, 12.4694874759441
41.8925034595662, 12.4694874759441
41.8925034595662, 12.4694874759441
41.8925034595662, 12.4694874759441
41.8925034595662, 12.4694874759441
41.8925034595662, 12.4694874759441
41.8925034595662, 12.4694874759441
41.8925034595662, 12.4694874759441
41.8925034595662, 12.4694874759441
41.8925034595662, 12.4694874759441
41.8925034595662, 12.4694874759441
41.8925034595662, 12.4694874759441
41.8925034595662, 12.4694874759441
41.8925034595662, 12.4694874759441
41.8925034595662, 12.4694874759441
41.8925034595662, 12.4694874759441
41.8925034595662, 12.4694874759441
41.8925034595662, 12.4694874759441
41.8925034595662, 12.4694874759441
41.8925034595662, 12.4694874759441
41.8925034595662, 12.4694874759441
41.8925034595662, 12.4694874759441
41.8925034595662, 12.4694874759441
41.8925034595662, 12.4694874759441
41.8925034595662, 12.4694874759441
41.8925034595662, 12.4694874759441
41.8925034595662, 12.4694874759441
41.8925034595662, 12.4694874759441
41.8925034595662, 12.4694874759441
41.8925034595662, 12.4694874759441
41.8925034595662, 12.4694874759441
41.8925034595662, 12.4694874759441
41.8925034595662, 12.4694874759441
41.8925034595662, 12.4694874759441
41.8925034595662, 12.4694874759441
41.8925034595662, 12.4694874759441
41.8925034595662, 12.4694874759441
41.8925034595662, 12.4694874759441
41.8924737747899, 12.4694627259042
41.892473774735, 12.4694627258057
41.892473774735, 12.4694627258057
41.892473774735, 12.4694627258057
41.892473774735, 12.4694627258057
41.892473774735, 12.4694627258057
41.8923955312817, 12.469556409079
41.8923537416367, 12.4696296314095
41.8923537416367, 12.4696296314095
41.8923537416367, 12.4696296314095
41.8923692916545, 12.4696773209912
41.8923882012631, 12.4696527856475
41.8923252472661, 12.4696350516423
41.8923149992491, 12.4696136387305
41.8923342560828, 12.4696374368145
41.8923067908214, 12.4696417766328
41.8923529382339, 12.4698352008581
41.8923529382339, 12.4698352008581
41.8924073175519, 12.4697412658947
41.8924186562738, 12.469732930273
41.8923884681421, 12.4697280641885
41.8923824687617, 12.4697193129931
41.8923824687617, 12.4697193129931
41.8923824687617, 12.4697193129931
41.8923824687617, 12.4697193129931
41.8923824687617, 12.4697193129931
41.8923824687617, 12.4697193129931
41.8923824687617, 12.4697193129931
41.8923824687617, 12.4697193129931
41.8923824687617, 12.4697193129931
41.8923824687617, 12.4697193129931
41.8923824687617, 12.4697193129931
41.8923824687617, 12.4697193129931
41.8923824687617, 12.4697193129931
41.8923824687617, 12.4697193129931
41.8923824687617, 12.4697193129931
41.8923629968618, 12.4697249763783
41.8923629968618, 12.4697249763783
41.8922251362609, 12.4696397961566
41.8922884000885, 12.4696726680683
41.8923749464512, 12.4696876141137
41.8923749464512, 12.4696876141137
41.8923749464512, 12.4696876141137
41.8923749464512, 12.4696876141137
41.8923749464512, 12.4696876141137
41.8923749464512, 12.4696876141137
41.8923749464512, 12.4696876141137
41.8923749464512, 12.4696876141137
41.8923749464512, 12.4696876141137
41.8923749464512, 12.4696876141137
41.8923749464512, 12.4696876141137
41.8923749464512, 12.4696876141137
41.8923749464512, 12.4696876141137
41.8923749464512, 12.4696876141137
41.8923769940732, 12.4697355419589
41.8923395759911, 12.469782094906
41.8923331590272, 12.4698504238332
41.8922874418685, 12.4698147069161
41.892273975845, 12.4698321324311
41.8922459798075, 12.4698291253291
41.892236361604, 12.4697804666642
41.8922340866611, 12.4697411297539
41.8922658517953, 12.469883181104
41.8922819029633, 12.4699389565094
41.8922748100662, 12.4699051634567
41.8922385261689, 12.4698883478109
41.8921906900686, 12.4698219631197
41.8921843260957, 12.4698051425455
41.8921968890444, 12.4698020275075
41.8921438543412, 12.469876904531
41.8921066871529, 12.469890056343
41.892173640388, 12.4698608393605
41.8922016923966, 12.4698920166461
41.892171595967, 12.4699144689838
41.8921600528681, 12.4699270527241
41.8921766055255, 12.4699742477322
41.8921105772909, 12.4699897542234
41.8919010020706, 12.4702255301518
41.8918450778835, 12.4701744191991
41.8918207023981, 12.4701265156645
41.8910512467325, 12.4712444814932
41.8905090694174, 12.4733675093255
41.890451930758, 12.4739008717502
41.8904281134882, 12.4740015662045
41.8900952132643, 12.4753813754294
41.889741005559, 12.4764910867215
41.8895806223478, 12.4768650194751
41.8892139742777, 12.4779376774935
41.888175845287, 12.4788919008516
41.8871776053222, 12.4786644362368
41.8862198979348, 12.4777194453406
41.8852580103187, 12.4766472400197
41.8839920951293, 12.4750907223462
41.8831850212068, 12.4753078878845
41.8830211043907, 12.4755252894945
