41.9013920118103, 12.5012791824203
41.9013920118103, 12.5012791824203
41.9015096108024, 12.5011835390706
41.9005841722041, 12.500304198705
41.9006672139434, 12.5001563940358
41.9007020785777, 12.500080483751
41.9007020785777, 12.500080483751
41.9007020785777, 12.500080483751
41.9007020785777, 12.500080483751
41.9012053582761, 12.4992773687264
41.9019420705939, 12.4984816684977
41.9027255404067, 12.4967254863432
41.9035265851, 12.4960378232291
41.9046180666448, 12.4968968850935
41.9052139867345, 12.496126773515
41.9052139867345, 12.496126773515
41.9053904106098, 12.4958767852761
41.90541737312, 12.4958346406791
41.9056825722629, 12.4955397256102
41.9063088957325, 12.4941147410815
41.9074274655935, 12.4937472654104
41.9074274655935, 12.4937472654104
41.9074274655935, 12.4937472654104
41.9082714523591, 12.4935218577835
41.9082714523591, 12.4935218577835
41.9083011863842, 12.4936000805716
41.9084200473144, 12.4932851105827
41.9078293306972, 12.4913780782985
41.9074822092367, 12.4901430459754
41.9074822092367, 12.4901430459754
41.9074822092367, 12.4901430459754
41.9075050914324, 12.4899640005662
41.9086322924689, 12.4889719886892
41.9096468717936, 12.488836028042
41.909671683509, 12.4892794548196
41.9105217320323, 12.4902041305791
41.9119284821105, 12.4923028411185
41.9120534221935, 12.4923584699954
41.9132806182343, 12.4932762105377
41.9154866618897, 12.4942110066634
41.9167542476811, 12.4920650836776
41.917773339293, 12.4913689319894
41.9179087636064, 12.4915924391671
41.9179816984386, 12.4916785665307
41.9179816984386, 12.4916785665307
41.9179816984386, 12.4916785665307
41.9179816984386, 12.4916785665307
41.9179816984386, 12.4916785665307
41.9179816984386, 12.4916785665307
41.9179816984386, 12.4916785665307
41.9179816984386, 12.4916785665307
41.9179816984386, 12.4916785665307
41.9179816984386, 12.4916785665307
41.9179816984386, 12.4916785665307
41.9179816984386, 12.4916785665307
41.9179830900499, 12.4915514986714
41.9179830900499, 12.4915514986714
41.9179378474088, 12.491595464369
41.9179378474088, 12.491595464369
41.9179378474088, 12.491595464369
41.9179378474088, 12.491595464369
41.9179378474088, 12.491595464369
41.9179378474088, 12.491595464369
41.9179378474088, 12.491595464369
41.9179264322927, 12.4916574260113
41.9179291043691, 12.4916822051477
41.9180009418035, 12.4915865994909
41.9181235591947, 12.4914712127475
41.9180831588321, 12.4915103189927
41.9180645412797, 12.4915827398747
41.9180872025485, 12.491556500386
41.9180872025485, 12.491556500386
41.9180169630794, 12.491574120815
41.9179878418639, 12.4915726028913
41.917951529613, 12.4915989759617
41.9179551910689, 12.4916076744856
41.9180208869812, 12.4915776764114
41.9180440867135, 12.4916201582845
41.9179770238035, 12.4917076524933
41.9179547649587, 12.4917386200411
41.9179830471498, 12.4916554101063
41.9179613689444, 12.4916741898384
41.9179113884728, 12.4917243937231
41.9180141793286, 12.4916337457973
41.9180530151645, 12.4915944341044
41.9180314332297, 12.4916137940808
41.9180314332297, 12.4916137940808
41.9180442935196, 12.491670741752
41.9180219976089, 12.4916888879011
41.9179307121057, 12.4918042352576
41.9180155883914, 12.4917976722306
41.9180660497819, 12.4916604386265
41.9180491859065, 12.4916935479202
41.9180491859036, 12.4916935479234
41.9180491859036, 12.4916935479234
41.9180491859036, 12.4916935479234
41.9180491859036, 12.4916935479234
41.9180491859036, 12.4916935479234
41.9180491859036, 12.4916935479234
41.9180491859036, 12.4916935479234
41.9180491859036, 12.4916935479234
41.9180491859036, 12.4916935479234
41.9179730314613, 12.4916333512836
41.9179642879774, 12.4916356334286
41.9179642879774, 12.4916356334286
41.9179642879774, 12.4916356334286
41.9179642879774, 12.4916356334286
41.9179642879774, 12.4916356334286
41.9179642879774, 12.4916356334286
41.9179642879774, 12.4916356334286
41.9179642879774, 12.4916356334286
41.9179169920832, 12.49170494507
41.9179483547297, 12.4916709788762
41.917939211271, 12.4916887857968
41.9179417840778, 12.491702188196
41.9179502544359, 12.4917202420605
41.9179450803976, 12.4917449140828
41.9179521194275, 12.4917176399195
41.9179470362907, 12.4915851177889
41.9179677856348, 12.4915105055545
41.9179877037883, 12.4915383453386
41.9179636515886, 12.4916093986033
41.9179344143306, 12.4916440350899
41.9180039099851, 12.4916186768159
41.917965500917, 12.4916147077155
41.9179415691393, 12.4915631002912
41.9179531809125, 12.491557364103
41.917953763819, 12.4915636467025
41.9179537936654, 12.491563632436
41.9179537936654, 12.491563632436
41.9179537936654, 12.491563632436
41.917973160134, 12.4915758735105
41.9179822627254, 12.4915692299529
41.9179822627254, 12.4915692299529
41.9179822627254, 12.4915692299529
41.9179822627254, 12.4915692299529
41.9179822627254, 12.4915692299529
41.9179822627254, 12.4915692299529
41.9179822627254, 12.4915692299529
41.9179822627254, 12.4915692299529
41.9179822627254, 12.4915692299529
41.9179822627254, 12.4915692299529
41.9179822627254, 12.4915692299529
41.9179822627254, 12.4915692299529
41.9179822627254, 12.4915692299529
41.9179117328689, 12.4917499295748
41.9179472398229, 12.4916596095253
41.9179435690794, 12.4917058592801
41.9179283982877, 12.4917743180842
41.9180956898676, 12.4918844448566
41.9180917532659, 12.4919750370959
41.9181126428214, 12.4919588886787
41.9181126428214, 12.4919588886787
41.9181126428214, 12.4919588886787
41.9181126428214, 12.4919588886787
41.9181126428214, 12.4919588886787
41.918043865736, 12.4919083645906
41.9179223658851, 12.491703536154
41.9179223656605, 12.4917035360878
41.9179223656605, 12.4917035360878
41.9179223656605, 12.4917035360878
41.9179223656605, 12.4917035360878
41.9179223656605, 12.4917035360878
41.9179223656605, 12.4917035360878
41.9179813786373, 12.4916648745753
41.9179107984771, 12.4917588962579
41.9179167361358, 12.4917561720753
41.9179167361358, 12.4917561720753
41.9179167361358, 12.4917561720753
41.9179167361358, 12.4917561720753
41.9179167361358, 12.4917561720753
41.9179167361358, 12.4917561720753
41.9179124665073, 12.4916964415223
41.9179133263603, 12.4917006440767
41.9179133263603, 12.4917006440767
41.9179133263603, 12.4917006440767
41.9179133263603, 12.4917006440767
41.9179133263603, 12.4917006440767
41.9179193271318, 12.491696682477
41.9179365362133, 12.4916733386361
41.9179469960271, 12.4916595913187
41.9179469960271, 12.4916595913187
41.9179469960271, 12.4916595913187
41.9179469960271, 12.4916595913187
41.9179469960271, 12.4916595913187
41.9179469960271, 12.4916595913187
41.9179469960271, 12.4916595913187
41.9179469960271, 12.4916595913187
41.9179223665961, 12.4917499243881
41.9179341381373, 12.4917574457316
41.9179641705259, 12.4916574748161
41.917912898531, 12.4916903650493
41.9179031787811, 12.4916686411385
41.917952928838, 12.4916731674502
41.9180237561035, 12.491705909563
41.9179774709885, 12.4917050697092
41.9179120431957, 12.4917578682089
41.9178809123156, 12.4917803450135
41.9178845370013, 12.4917902361319
41.9179106035216, 12.4919091908688
41.9179610788913, 12.4919520209095
41.9178228362261, 12.4920338931265
41.9179541393857, 12.4918209810444
41.9179647754641, 12.4918158543958
41.9179478411153, 12.4918077085808
41.9179230067011, 12.4918424413739
41.9178968367087, 12.491876503496
41.9178817316475, 12.491893771471
41.9178792771433, 12.4918994234335
41.9178842908254, 12.4918933390675
41.9178969064392, 12.4918943460566
41.9178969064392, 12.4918943460566
41.9178848160793, 12.4919262404674
41.9178538660384, 12.4920008923533
41.9178538660384, 12.4920008923533
41.9178703899686, 12.4919013115464
41.9179447842374, 12.4918164376292
41.9179602283402, 12.4917761624091
41.917968448215, 12.4916436410055
41.9179571009018, 12.4916461971288
41.9179221418411, 12.4917153397248
41.9179337916015, 12.4917572766891
41.917927090117, 12.4917773447767
41.9179354726733, 12.4917686878413
41.9179190109793, 12.4917715470729
41.9179478201799, 12.4917807470222
41.9179424591456, 12.4917783428284
41.9179271389318, 12.4918337475713
41.9179271389318, 12.4918337475713
41.9179271389318, 12.4918337475713
41.9177345211138, 12.4915969267533
41.9177880404395, 12.491554329863
41.9177736183459, 12.4915368267139
41.9177876999897, 12.4915450871068
41.9178185707865, 12.491476886074
41.9178120816268, 12.4915021979335
41.9178020256299, 12.4915091274658
41.9178042781081, 12.4915058983908
41.9177313285003, 12.4917701047208
41.9177098805688, 12.4918424063309
41.9177092599307, 12.4918601476067
41.9177236337842, 12.4918400128465
41.9177473165333, 12.4917857050698
41.9177852767756, 12.4916852371653
41.91779735807, 12.4916601433937
41.9177951684245, 12.4916803200116
41.9177991634912, 12.4916812825407
41.9178103740146, 12.4915644542516
41.9178311678525, 12.4915051485725
41.9178521251291, 12.4914587987806
41.9178336634671, 12.4914759910404
41.9178336634671, 12.4914759910404
41.9178336634671, 12.4914759910404
41.9177701032727, 12.4916123051755
41.9177364902806, 12.4916951112545
41.917752094933, 12.491645558831
41.9177895255269, 12.4916284897978
41.9177498725047, 12.4917465532545
41.9177175037304, 12.4917098805734
41.9177269524258, 12.4917694695882
41.9177764626707, 12.4917880850244
41.9176247210153, 12.4917059296893
41.9177574232991, 12.4918024672995
41.9177888974914, 12.4916681806457
41.9177903115384, 12.4916744533303
41.9177867022644, 12.4916751083595
41.917823614044, 12.491699963196
41.9178374768827, 12.4917380226901
41.917888797848, 12.4917392601332
41.9178878369991, 12.4917582386937
41.9181384228391, 12.4919815793946
41.9176573371279, 12.4926400404681
