41.9132676448546, 12.5062437077925
41.9132676448546, 12.5062437077925
41.9132676448546, 12.5062437077925
41.9129395427996, 12.5065184641534
41.9119929415867, 12.5053419938083
41.9110021416314, 12.5038975650427
41.9102688883176, 12.5027983625572
41.9101014461053, 12.5026150618458
41.9098312188392, 12.5020954489272
41.9092915407041, 12.5009132776902
41.9085166972978, 12.5000596757056
41.9082320912191, 12.499739587833
41.9082320912191, 12.499739587833
41.9076050844548, 12.4989587983786
41.9062464610086, 12.4972096056336
41.9062464610086, 12.4972096056336
41.906063094781, 12.4969936167637
41.9055551174689, 12.4961753925431
41.9048997981923, 12.4953336469784
41.9046334079439, 12.4947917736381
41.9043322427198, 12.4942639577993
41.9040393653888, 12.4948572530049
41.9034716790618, 12.4955768728269
41.9027575975352, 12.4960050251178
41.9028512832509, 12.4965322410158
41.9029870604721, 12.4964793872492
41.9030513164238, 12.4964330118074
41.9030513164238, 12.4964330118074
41.9030513164238, 12.4964330118074
41.9030513164238, 12.4964330118074
41.9030513164238, 12.4964330118074
41.9030513164238, 12.4964330118074
41.9030513164238, 12.4964330118074
41.9030513164238, 12.4964330118074
41.9030513164238, 12.4964330118074
41.9030513164238, 12.4964330118074
41.9030513164238, 12.4964330118074
41.9030513164238, 12.4964330118074
41.9030356091118, 12.496311809787
41.9030356091118, 12.496311809787
41.9030356091118, 12.496311809787
41.9030356091118, 12.496311809787
41.9030356091118, 12.496311809787
41.9030356091118, 12.496311809787
41.9030356091118, 12.496311809787
41.9031110521741, 12.4962898984797
41.9031360480937, 12.4962546493012
41.9030957642294, 12.4962912660691
41.9030941952927, 12.4963240858589
41.9030577999204, 12.496366732688
41.9030782211227, 12.4963451825929
41.9030830839681, 12.4962692228967
41.9031462049374, 12.4962904158416
41.9031955209655, 12.4964091749447
41.9031240873477, 12.4962319005025
41.9030134354755, 12.4962858572028
41.9030628185708, 12.4961877157539
41.903081774053, 12.4962169398214
41.9030947078215, 12.4962570177602
41.9031450718248, 12.4962362550792
41.9031114479419, 12.4962232610367
41.9030917469131, 12.4962482227995
41.9030681581658, 12.4962741228385
41.9030360453321, 12.4962132518609
41.9030285674537, 12.4962179438103
41.9030298072301, 12.4962044692205
41.9030516104631, 12.4962285095828
41.9031457686827, 12.4962922193631
41.9030562007902, 12.4963257588999
41.9030837885261, 12.4963826748263
41.9030975620932, 12.4963196872695
41.9030634642291, 12.4963046107618
41.9030671488277, 12.4962587870927
41.9031109796913, 12.4962046595373
41.9031948336703, 12.4963313503749
41.9030917617342, 12.4961987494881
41.9030708334466, 12.4961813170092
41.9030708334466, 12.4961813170092
41.9030708334466, 12.4961813170092
41.9030708334466, 12.4961813170092
41.9030708334466, 12.4961813170092
41.9030708334466, 12.4961813170092
41.9030708334466, 12.4961813170092
41.9030708334466, 12.4961813170092
41.9030708334466, 12.4961813170092
41.9030708334466, 12.4961813170092
41.9030708334466, 12.4961813170092
41.9030708334466, 12.4961813170092
41.9030708334466, 12.4961813170092
41.9030708334466, 12.4961813170092
41.9030702804492, 12.4961852188714
41.9030702804492, 12.4961852188714
41.9030702804492, 12.4961852188714
41.9030702804492, 12.4961852188714
41.9030702804492, 12.4961852188714
41.9030702804492, 12.4961852188714
41.9030702804492, 12.4961852188714
41.9030702804492, 12.4961852188714
41.9030632545592, 12.4962053744339
41.9030596120514, 12.4961938721743
41.9030648690815, 12.4962240543455
41.9030648690815, 12.4962240543455
41.9030638836872, 12.4962288443376
41.9030382963608, 12.4962018422838
41.9030366934467, 12.4961974467518
41.903041941989, 12.4961944948375
41.9030535874723, 12.4962061982054
41.9030084754272, 12.4961614002645
41.9030515945287, 12.4962276357839
41.9030925168802, 12.4962320813562
41.9030590607686, 12.4961724307699
41.9030761745511, 12.4962623790345
41.9030885069419, 12.4962706094192
41.9030674260295, 12.496240972165
41.9030489645367, 12.4962073765102
41.9030466125324, 12.4961956307684
41.9030723636063, 12.4962901738951
41.9030664901754, 12.4963041150418
41.9030398242386, 12.4962008343196
41.9030411933904, 12.4962055775671
41.9030656693569, 12.4962104098248
41.9030768992843, 12.4962200437152
41.9030444715654, 12.4962148851817
41.9030755208889, 12.4962347360139
41.9030862835857, 12.4961821536755
41.9030827394815, 12.4962744221831
41.9030940227706, 12.4962206685452
41.9030547232706, 12.4961785414113
41.9030213825947, 12.4962041254268
41.9030224568264, 12.4962313213319
41.9030835372405, 12.4962341032459
41.9030669681162, 12.4962101663846
41.9030837307812, 12.4962827029424
41.9030558068785, 12.4962902697878
41.9031000510305, 12.4963075497616
41.9031197473325, 12.4962353640074
41.9031453475714, 12.4962422874557
41.9031001902789, 12.4962739077698
41.9030760294326, 12.4961806253155
41.9030909542436, 12.4962031869483
41.9030671697588, 12.4962182206458
41.9030829809417, 12.4962794633195
41.9030771989284, 12.4962770791432
41.9030911559101, 12.4962040866334
41.9030818169186, 12.4962673386846
41.903099206236, 12.496225298319
41.9030921331661, 12.4962784444256
41.903097711566, 12.496163431263
41.9030945183419, 12.4962153388793
41.9031112681208, 12.496249694097
41.9031112674932, 12.4962496939757
41.9031112674932, 12.4962496939757
41.9031112674932, 12.4962496939757
41.9031112674932, 12.4962496939757
41.9031112674932, 12.4962496939757
41.9030665282176, 12.4962040454278
41.9030737974732, 12.496242523667
41.9030870603856, 12.4962586958103
41.9030920161647, 12.4962529242706
41.9030717873197, 12.4962402534426
41.9030770544863, 12.4961759544163
41.9030858171767, 12.4962346186373
41.9030362783142, 12.4962248873463
41.9030757794076, 12.4962348961563
41.9030448022118, 12.4962370303726
41.9030689720355, 12.4961612797672
41.9030928160117, 12.4960992964773
41.9031012188846, 12.4961155359865
41.9030406982036, 12.4960702074459
41.903038748866, 12.496010217492
41.903064704156, 12.4960561321141
41.9030454140231, 12.4960050209035
41.902964216551, 12.4959891364762
41.903024646979, 12.4960618189811
41.9031224471983, 12.4961456393406
41.9031146228713, 12.4961192308551
41.90311284101, 12.4961184226058
41.9030236168527, 12.4960235184745
41.9030171935495, 12.4960355959534
41.9030171934575, 12.4960355958752
41.9030171934575, 12.4960355958752
41.9030171934575, 12.4960355958752
41.9030171934575, 12.4960355958752
41.9030171934575, 12.4960355958752
41.9030171934575, 12.4960355958752
41.9030171934575, 12.4960355958752
41.9030171934575, 12.4960355958752
41.9030171934575, 12.4960355958752
41.9030171934575, 12.4960355958752
41.9030171934575, 12.4960355958752
41.9030171934575, 12.4960355958752
41.9030171934575, 12.4960355958752
41.9030171934575, 12.4960355958752
41.9030171934575, 12.4960355958752
41.9030171934575, 12.4960355958752
41.9030171934575, 12.4960355958752
41.9030171934575, 12.4960355958752
41.9030171934575, 12.4960355958752
41.9030171934575, 12.4960355958752
41.9030333918998, 12.4959285732611
41.9035519424902, 12.4959181576876
41.9042439527622, 12.4969175836051
41.9051913441672, 12.498177458624
41.9052403562888, 12.4982355469513
41.9052403562888, 12.4982355469513
41.9058656416663, 12.4991414368156
41.9065433538393, 12.5001467725046
41.9071122681786, 12.5010501557208
41.9069135151353, 12.5019316385311
41.9060681277048, 12.5028950011526
41.905462660472, 12.5036813337931
41.905390120221, 12.5037694775171
41.9050331528319, 12.5041451830654
41.9044136400772, 12.5049862040073
41.9038679972114, 12.5056857566651
41.9034167907033, 12.5062209886965
41.9028880945824, 12.5068613334237
41.9028880945824, 12.5068613334237
41.9028880945824, 12.5068613334237
41.9028880945824, 12.5068613334237
41.9028880945824, 12.5068613334237
41.9021275666251, 12.5073738958371
41.9009859457384, 12.5079839405021
41.9012302344727, 12.5090219473116
41.9018277793735, 12.5108547000613
41.9020434096071, 12.5116465346361
41.9015500558994, 12.5121373038967
41.9018668228195, 12.5121098529033
41.9018668228195, 12.5121098529033
41.9018668228195, 12.5121098529033
41.9018668228195, 12.5121098529033
41.9019327167076, 12.5120472484038
41.9027401193566, 12.5114901114436
41.9019370424893, 12.511816423277
41.900968481187, 12.5122822176712
41.9005769909028, 12.5134523491016
41.9001144385173, 12.5139790235957
41.899276233665, 12.5144543064723
41.899276233665, 12.5144543064723
41.8986792911748, 12.5149083447727
41.8983273448634, 12.5152901321122
41.8977545442927, 12.5158351496269
41.896920312257, 12.5166118047757
41.8959846825736, 12.5175393889469
