41.9050051682717, 12.4744745155126
41.9050880859811, 12.4730912190256
41.9051742774958, 12.4712463098249
41.9060457125669, 12.4705351500091
41.905881963137, 12.4698300074838
41.9062396366906, 12.4691467197097
41.9074163507886, 12.468421192813
41.9085571059613, 12.4678577189471
41.9086475468533, 12.468062266092
41.9086475468533, 12.468062266092
41.9086779513434, 12.4681749717142
41.9089804684863, 12.4693714997326
41.9092579049439, 12.4705597237793
41.9096298673327, 12.4720166456682
41.9099903278448, 12.4734896859286
41.9103152871623, 12.4747660714501
41.9102635508587, 12.4756849987366
41.9099944250106, 12.4762675001366
41.9094788023762, 12.476182750493
41.909172513321, 12.4761180820426
41.9090609275004, 12.4768834602297
41.9091527690569, 12.4774000758551
41.9094715438995, 12.4778213616696
41.909946429213, 12.4771165477833
41.9100836675534, 12.4769269963905
41.9100836675534, 12.4769269963905
41.9100836675534, 12.4769269963905
41.9100836675534, 12.4769269963905
41.9100836675534, 12.4769269963905
41.9100836675534, 12.4769269963905
41.9100836675534, 12.4769269963905
41.9100836675534, 12.4769269963905
41.9100836675534, 12.4769269963905
41.9100836675534, 12.4769269963905
41.9100836675534, 12.4769269963905
41.9100836675534, 12.4769269963905
41.9100836675534, 12.4769269963905
41.9101260206895, 12.4768860055556
41.9101707279569, 12.4768640991363
41.9101707281843, 12.4768640992785
41.9101707281843, 12.4768640992785
41.9101707281843, 12.4768640992785
41.9101707281843, 12.4768640992785
41.9101707281843, 12.4768640992785
41.9101707281843, 12.4768640992785
41.9101707281843, 12.4768640992785
41.9101707281843, 12.4768640992785
41.9101707281843, 12.4768640992785
41.9101707281843, 12.4768640992785
41.9101707281843, 12.4768640992785
41.9101707281843, 12.4768640992785
41.9101707281843, 12.4768640992785
41.9101707281843, 12.4768640992785
41.9101707281843, 12.4768640992785
41.9101707281843, 12.4768640992785
41.9101707281843, 12.4768640992785
41.9101707281843, 12.4768640992785
41.9101707281843, 12.4768640992785
41.9101707281843, 12.4768640992785
41.9101707281843, 12.4768640992785
41.9101707281843, 12.4768640992785
41.9101707281843, 12.4768640992785
41.9101707281843, 12.4768640992785
41.9101707281843, 12.4768640992785
41.9101707281843, 12.4768640992785
41.9101707281843, 12.4768640992785
41.9101707281843, 12.4768640992785
41.9101707281843, 12.4768640992785
41.9101707281843, 12.4768640992785
41.9101707281843, 12.4768640992785
41.9101707281843, 12.4768640992785
41.9101707281843, 12.4768640992785
41.9101707281843, 12.4768640992785
41.9101707281843, 12.4768640992785
41.9101707281843, 12.4768640992785
41.9101707281843, 12.4768640992785
41.9101707281843, 12.4768640992785
41.9101707281843, 12.4768640992785
41.9101707281843, 12.4768640992785
41.9101707281843, 12.4768640992785
41.9101707281843, 12.4768640992785
41.9101707281843, 12.4768640992785
41.9101707281843, 12.4768640992785
41.9101707281843, 12.4768640992785
41.9101707281843, 12.4768640992785
41.9101707281843, 12.4768640992785
41.9101707281843, 12.4768640992785
41.9101707281843, 12.4768640992785
41.9101707281843, 12.4768640992785
41.9101707281843, 12.4768640992785
41.9101707281843, 12.4768640992785
41.9101707281843, 12.4768640992785
41.9101707281843, 12.4768640992785
41.9101707281843, 12.4768640992785
41.9101707281843, 12.4768640992785
41.9101707281843, 12.4768640992785
41.9101707281843, 12.4768640992785
41.9101707281843, 12.4768640992785
41.9101707281843, 12.4768640992785
41.9101707281843, 12.4768640992785
41.9101707281843, 12.4768640992785
41.9101707281843, 12.4768640992785
41.9101707281843, 12.4768640992785
41.9101707281843, 12.4768640992785
41.9101707281843, 12.4768640992785
41.9101707281843, 12.4768640992785
41.9101707281843, 12.4768640992785
41.9101707281843, 12.4768640992785
41.9101707281843, 12.4768640992785
41.9101707281843, 12.4768640992785
41.9101707281843, 12.4768640992785
41.9101724188543, 12.4768639774985
41.9101637536278, 12.4768785487741
41.9101483830179, 12.4768686215127
41.9101483828669, 12.4768686213441
41.9101483828669, 12.4768686213441
41.9101483828669, 12.4768686213441
41.9101483828669, 12.4768686213441
41.9102412449595, 12.4768054686829
41.9102424503735, 12.4768067506131
41.9102451311699, 12.4767959587567
41.9102554403426, 12.476765517163
41.9103072689735, 12.4768796750637
41.9102581295155, 12.4768003905303
41.9102885549883, 12.4768184323345
41.9102650320064, 12.4768444533093
41.9102303126164, 12.4768205165758
41.9103074224353, 12.4768379886125
41.9102968382515, 12.4768600882193
41.9102934414822, 12.4768313256504
41.9103079963392, 12.4768436296284
41.9102938355685, 12.476817811349
41.9102861901154, 12.4768159113851
41.9102778075343, 12.4768118533782
41.9102825946938, 12.4768158631218
41.9102702693645, 12.4768042389135
41.910340464634, 12.4767358894013
41.9103512817159, 12.4767370874662
41.9103030079144, 12.476789536541
41.9103380594419, 12.4767884346058
41.910271600804, 12.4768200647762
41.9102904621246, 12.4768579410881
41.9103585558021, 12.4768932142917
41.9103486445785, 12.4768605299324
41.9103035052167, 12.4768171402761
41.9103235544424, 12.4768608520799
41.910287086824, 12.4767480591621
41.9103088596401, 12.4768141230616
41.9103185431755, 12.4768074705016
41.9103107886611, 12.476802105718
41.9103524770719, 12.4768173864114
41.9108521235405, 12.4772867772658
41.9110301082469, 12.4772210392546
41.9111789735043, 12.4762132487995
41.9104838158104, 12.4752414345945
41.9098447948648, 12.4752120082662
41.9095326181979, 12.4746206998184
41.9096833677065, 12.4735893308864
41.9110773167253, 12.472752399146
41.9138330415368, 12.4720127745782
41.9154155454361, 12.4715777892825
41.9169538458877, 12.4715305802314
41.9184050992444, 12.471756048373
41.9186205740663, 12.4717348872402
41.9186205740663, 12.4717348872402
41.9186205740663, 12.4717348872402
41.9187931795647, 12.4714020793053
41.9186902163518, 12.4700310001438
41.9199360814902, 12.4692405603936
41.9212249509293, 12.4677397437564
