41.9059709856807, 12.4700535946175
41.9058975990491, 12.4698617054598
41.9058088665545, 12.469671837541
41.9058088665545, 12.469671837541
41.9058088665545, 12.469671837541
41.9058088665545, 12.469671837541
41.9058088665545, 12.469671837541
41.9058088665545, 12.469671837541
41.9058088665545, 12.469671837541
41.9062060174502, 12.4691790770225
41.9068108708692, 12.4688465246628
41.9068358156454, 12.4688338952905
41.9068613719883, 12.4688225544606
41.9074075787365, 12.4684537058135
41.9082213378067, 12.4680056581145
41.9085028483979, 12.4678322360998
41.9085420249112, 12.4678184749826
41.9085420249112, 12.4678184749826
41.9085420249112, 12.4678184749826
41.9085420249112, 12.4678184749826
41.9085420249112, 12.4678184749826
41.9085420249112, 12.4678184749826
41.9085420249112, 12.4678184749826
41.9085906257729, 12.467681098849
41.9084070103913, 12.4665983862396
41.9090842978656, 12.466222822325
41.9096860715826, 12.4658534119469
41.9098444831438, 12.4660943448769
41.9098822106168, 12.4663626152295
41.9098822106168, 12.4663626152295
41.9098924309627, 12.4664248544529
41.909923722036, 12.4665851524854
41.9099607409728, 12.4668159219572
41.9099607409728, 12.4668159219572
41.9099984600714, 12.4669241133956
41.9097804877533, 12.4671488642719
41.9096874276925, 12.4672073054047
41.9094819700057, 12.4673159367448
41.9094819700057, 12.4673159367448
41.9094819700057, 12.4673159367448
41.9094819700057, 12.4673159367448
41.9094819700057, 12.4673159367448
41.9094819700057, 12.4673159367448
41.9094819700057, 12.4673159367448
41.9094819700057, 12.4673159367448
41.9094819700057, 12.4673159367448
41.9094819700057, 12.4673159367448
41.9094819700057, 12.4673159367448
41.9094819700057, 12.4673159367448
41.9094819700057, 12.4673159367448
41.9094096493874, 12.4673883834182
41.9093461665613, 12.4674038062895
41.9093501270151, 12.4673786580763
41.9093501270151, 12.4673786580763
41.9093422259674, 12.4673583270972
41.9093422259674, 12.4673583270972
41.9093437784459, 12.4673585179302
41.9093390107967, 12.4673534352983
41.9093362134658, 12.4673425944545
41.9093362134658, 12.4673425944545
41.9093356630588, 12.4673407147729
41.909339318175, 12.4673598430572
41.909342037373, 12.4673919567629
41.9093318850551, 12.4674393190183
41.9093285171767, 12.4674302315084
41.9093271111304, 12.46743415905
41.9093402556645, 12.4674738983131
41.9093222033785, 12.4674207721348
41.9093535356566, 12.4673871274282
41.9093396919734, 12.4673751861598
41.9093129738241, 12.4673535734173
41.9093199859345, 12.467310844792
41.9093317735637, 12.467358719295
41.9093321561611, 12.4673606869358
41.9093321561611, 12.4673606869358
41.9093321561611, 12.4673606869358
41.9093210829437, 12.4674565669312
41.9093242315564, 12.4675001038257
41.9093206302473, 12.4674614906071
41.9092833365307, 12.4674624835714
41.909265258347, 12.4673441638694
41.9092774844242, 12.4672671174968
41.9092921880385, 12.467256105296
41.9092908952612, 12.4672497210869
41.9093356650835, 12.4672608288123
41.90931791357, 12.4672165773942
41.9093337880211, 12.4672281130216
41.9093331876119, 12.4672308721396
41.9093331876119, 12.4672308721396
41.9093331876119, 12.4672308721396
41.9093331876119, 12.4672308721396
41.9093331876119, 12.4672308721396
41.9093331876119, 12.4672308721396
41.9093331876119, 12.4672308721396
41.9093331876119, 12.4672308721396
41.9093331876119, 12.4672308721396
41.9093331876119, 12.4672308721396
41.9093331876119, 12.4672308721396
41.9093331876119, 12.4672308721396
41.9093331876119, 12.4672308721396
41.9093331876119, 12.4672308721396
41.9093331876119, 12.4672308721396
41.9093331876119, 12.4672308721396
41.9093331876119, 12.4672308721396
41.9093331876119, 12.4672308721396
41.9093331876119, 12.4672308721396
41.9093331876119, 12.4672308721396
41.9093331876119, 12.4672308721396
41.9093331876119, 12.4672308721396
41.9093331876119, 12.4672308721396
41.9093331876119, 12.4672308721396
41.9093331876119, 12.4672308721396
41.9093095385461, 12.4672795339915
41.9092719170132, 12.4673510835294
41.9092719170132, 12.4673510835294
41.9092937895468, 12.467319157978
41.9093053392097, 12.4673037574864
41.9093053392097, 12.4673037574864
41.9093053392097, 12.4673037574864
41.9093053392097, 12.4673037574864
41.9093053392097, 12.4673037574864
41.9093053392097, 12.4673037574864
41.9093132817956, 12.4673054501495
41.909313282031, 12.4673054498715
41.909313282031, 12.4673054498715
41.909313282031, 12.4673054498715
41.909313282031, 12.4673054498715
41.909313282031, 12.4673054498715
41.909313282031, 12.4673054498715
41.909313282031, 12.4673054498715
41.909313282031, 12.4673054498715
41.909313282031, 12.4673054498715
41.909313282031, 12.4673054498715
41.909313282031, 12.4673054498715
41.909313282031, 12.4673054498715
41.909313282031, 12.4673054498715
41.909313282031, 12.4673054498715
41.909313282031, 12.4673054498715
41.909313282031, 12.4673054498715
41.909313282031, 12.4673054498715
41.909313282031, 12.4673054498715
41.909313282031, 12.4673054498715
41.9089825400582, 12.4676151104649
41.9089559253137, 12.4676384538485
41.9089290445427, 12.4676585317322
41.9089290445427, 12.4676585317322
41.9089127147552, 12.4676731873388
41.9086453513255, 12.467790894944
41.9086213079839, 12.4679226147356
41.9089127897179, 12.469072691611
41.9091775538359, 12.4701173672936
41.9091802333964, 12.4701311917699
41.9091802333964, 12.4701311917699
41.909207455283, 12.4702960792703
41.9094435702974, 12.4713633694419
41.9094944086567, 12.4715536549786
41.9096338122462, 12.4721005863726
41.9096360882554, 12.4721068789651
41.9096533551745, 12.472197736767
41.9096533551745, 12.472197736767
41.9097049166409, 12.4723977799637
41.909989427251, 12.473487995694
41.9102644756957, 12.4742373978243
41.9109363658401, 12.4738961687153
41.9112922545227, 12.4740866805142
41.9112922545227, 12.4740866805142
41.9112922545227, 12.4740866805142
41.9112922545227, 12.4740866805142
41.911685110209, 12.4758451683453
41.9121188801761, 12.4776088346558
41.9124537675664, 12.478529843096
41.9127261296637, 12.4797291315846
41.9122336926335, 12.481256969352
41.9101055360787, 12.4820760339797
41.9089244986174, 12.4842488368405
41.9086976364906, 12.4861686248484
41.9094575577613, 12.4878724122205
41.9090921728244, 12.4879775332076
41.9087753814458, 12.4876601371306
41.9084414296797, 12.4871601309449
41.9080624879611, 12.4867818385013
41.9080624879611, 12.4867818385013
41.9080624879611, 12.4867818385013
41.9077525425199, 12.4865630393761
41.9074842511279, 12.4863695833062
41.9072888453583, 12.4862103404326
41.9065220493374, 12.4867244820061
41.9065220493374, 12.4867244820061
41.9065220493374, 12.4867244820061
41.9068698449246, 12.4880023901721
41.9069619164845, 12.488314039524
41.9069619164845, 12.488314039524
41.9069619164845, 12.488314039524
41.9069619164845, 12.488314039524
41.9071227681017, 12.4887125348457
41.9073147136141, 12.4893770143112
41.9073384851446, 12.4894422386049
41.9073488207065, 12.4894802874741
41.9069283652072, 12.4903048156623
41.906695760828, 12.4903641875146
41.906695760828, 12.4903641875146
41.9066378781419, 12.4903526681685
41.9059761939036, 12.490779023288
41.9055952584461, 12.4918165716153
