41.902586575747, 12.4843460148263
41.9028705708455, 12.4854975558035
41.903037384217, 12.4863102748243
41.9033027018548, 12.4873933341984
41.9034089373244, 12.4876629282479
41.9034089373244, 12.4876629282479
41.9034089373244, 12.4876629282479
41.9034089373244, 12.4876629282479
41.903446559707, 12.4877698782894
41.9035733280752, 12.4880519249125
41.9036637986374, 12.4886365947292
41.9038684818325, 12.4893022610833
41.9041526414093, 12.4902879793316
41.9045529672837, 12.4915120293749
41.9047402622312, 12.4922548626272
41.9047850767605, 12.4925821786076
41.9047467065782, 12.4931303699929
41.9047688179387, 12.4931894210902
41.9047934256916, 12.4933616435621
41.9046960803445, 12.4935949679907
41.9046927128706, 12.4936002284627
41.9046927128706, 12.4936002284627
41.9046550454081, 12.4936672573292
41.9044914692034, 12.4939149724204
41.9044449740189, 12.4939846973843
41.9042849272094, 12.4943146484292
41.9042695482277, 12.494337661241
41.904231420718, 12.4944399796865
41.9041985717885, 12.494502091079
41.9040933535234, 12.4946445421436
41.9038837806396, 12.4949703173579
41.9036272254775, 12.4952937637331
41.9034305898313, 12.4954978010101
41.9035450670477, 12.495922885857
41.9036224133744, 12.4960475085
41.9039588490356, 12.4966172909789
41.9041944190216, 12.4969516555576
41.9046954610337, 12.497551776852
41.9052771545628, 12.4984191334998
41.9050550201959, 12.4990242624571
41.904470893296, 12.4997754534528
41.904129886984, 12.5001793586427
41.9039501690414, 12.5003356221391
41.9039501690414, 12.5003356221391
41.9037279403809, 12.5005562816284
41.9032901680027, 12.5010606433004
41.9031780834157, 12.5011490745886
41.9031780834157, 12.5011490745886
41.9031780834157, 12.5011490745886
41.9031780834157, 12.5011490745886
41.9031780834157, 12.5011490745886
41.9031780834157, 12.5011490745886
41.9031780834157, 12.5011490745886
41.9031780834157, 12.5011490745886
41.9031780834157, 12.5011490745886
41.9031780834157, 12.5011490745886
41.9031780834157, 12.5011490745886
41.9031780834157, 12.5011490745886
41.9031780834157, 12.5011490745886
41.9031780834157, 12.5011490745886
41.9031780834157, 12.5011490745886
41.9031780834157, 12.5011490745886
41.9031780834157, 12.5011490745886
41.9031780834157, 12.5011490745886
41.9031780834157, 12.5011490745886
41.9031780834157, 12.5011490745886
41.9031780834157, 12.5011490745886
41.9031780834157, 12.5011490745886
41.9031780834157, 12.5011490745886
41.9031780834157, 12.5011490745886
41.9031780834157, 12.5011490745886
41.9031780834157, 12.5011490745886
41.9031780834157, 12.5011490745886
41.9031780834157, 12.5011490745886
41.9031780834157, 12.5011490745886
41.9031676924516, 12.5011524648762
41.9031676924516, 12.5011524648762
41.9031676924516, 12.5011524648762
41.9031676924516, 12.5011524648762
41.9031676924516, 12.5011524648762
41.9031676924516, 12.5011524648762
41.9031676924516, 12.5011524648762
41.9031676924516, 12.5011524648762
41.9031676924516, 12.5011524648762
41.9031676924516, 12.5011524648762
41.9031676924516, 12.5011524648762
41.9031676924516, 12.5011524648762
41.9031676924516, 12.5011524648762
41.9031676924516, 12.5011524648762
41.9031676924516, 12.5011524648762
41.9031676924516, 12.5011524648762
41.9031676924516, 12.5011524648762
41.9031676924516, 12.5011524648762
41.9031676924516, 12.5011524648762
41.9031676924516, 12.5011524648762
41.9031676924516, 12.5011524648762
41.9031676924516, 12.5011524648762
41.9031676924516, 12.5011524648762
41.9031676924516, 12.5011524648762
41.9031676924516, 12.5011524648762
41.9031676924516, 12.5011524648762
41.9031676924516, 12.5011524648762
41.9031676924516, 12.5011524648762
41.9031676924516, 12.5011524648762
41.9031676924516, 12.5011524648762
41.9031676924516, 12.5011524648762
41.9031676924516, 12.5011524648762
41.9031676924516, 12.5011524648762
41.9031676924516, 12.5011524648762
41.9031676924516, 12.5011524648762
41.9031676924516, 12.5011524648762
41.9031676924516, 12.5011524648762
41.9031609454959, 12.5011729694348
41.9031609468868, 12.5011729713598
41.9031609468868, 12.5011729713598
41.9031609468868, 12.5011729713598
41.9031609468868, 12.5011729713598
41.9031609468868, 12.5011729713598
41.9031609468868, 12.5011729713598
41.9031609468868, 12.5011729713598
41.9031609468868, 12.5011729713598
41.9031609468868, 12.5011729713598
41.9031609468868, 12.5011729713598
41.9031609468868, 12.5011729713598
41.9031609468868, 12.5011729713598
41.9031609468868, 12.5011729713598
41.9031609468868, 12.5011729713598
41.9031609468868, 12.5011729713598
41.9031609468868, 12.5011729713598
41.9031609468868, 12.5011729713598
41.9031609468868, 12.5011729713598
41.9031609468868, 12.5011729713598
41.9031609468868, 12.5011729713598
41.9031609468868, 12.5011729713598
41.9031609468868, 12.5011729713598
41.9031609468868, 12.5011729713598
41.9031609468868, 12.5011729713598
41.9031609468868, 12.5011729713598
41.9031609468868, 12.5011729713598
41.9031871399651, 12.501198886371
41.9031871399651, 12.501198886371
41.9031871399651, 12.501198886371
41.9032180265094, 12.5012706521
41.9032180265094, 12.5012706521
41.9031576011626, 12.5014374631294
41.9031058521797, 12.5015050442015
41.9031058521797, 12.5015050442015
41.9030536344825, 12.5015463054205
41.9030508140956, 12.5015491625831
41.9030508140956, 12.5015491625831
41.9030508140956, 12.5015491625831
41.9030508140956, 12.5015491625831
41.9030508140956, 12.5015491625831
41.9030508140956, 12.5015491625831
41.9030508140956, 12.5015491625831
41.9030508140956, 12.5015491625831
41.9030508140956, 12.5015491625831
41.9030508140956, 12.5015491625831
41.9030508140956, 12.5015491625831
41.9030508140956, 12.5015491625831
41.9030508140956, 12.5015491625831
41.9030508140956, 12.5015491625831
41.9030508140956, 12.5015491625831
41.9030508140956, 12.5015491625831
41.9030508140956, 12.5015491625831
41.9030508140956, 12.5015491625831
41.9030508140956, 12.5015491625831
41.9030508140956, 12.5015491625831
41.9030508140956, 12.5015491625831
41.9030508140956, 12.5015491625831
41.9030508140956, 12.5015491625831
41.9030508140956, 12.5015491625831
41.9030450891141, 12.5015469570902
41.9030450891141, 12.5015469570902
41.9030450891141, 12.5015469570902
41.9030450891141, 12.5015469570902
41.9030450891141, 12.5015469570902
41.9030441437118, 12.5014430992493
41.9030425564954, 12.5014168387751
41.9030425564954, 12.5014168387751
41.9030425564954, 12.5014168387751
41.9030364154736, 12.5014224134397
41.9030364154736, 12.5014224134397
41.9030364154736, 12.5014224134397
41.9030364154736, 12.5014224134397
41.9030364154736, 12.5014224134397
41.9030364154736, 12.5014224134397
41.9030364154736, 12.5014224134397
41.9030364154736, 12.5014224134397
41.9030364154736, 12.5014224134397
41.9030228862307, 12.5014230223338
41.9029632790129, 12.5016005905666
41.9028704617858, 12.5018737268299
41.9028156601389, 12.5020057244336
41.9027756676272, 12.5020371939412
41.902656846724, 12.5020191493467
41.9025680458323, 12.5020579858584
41.9025306065358, 12.5020857612315
41.9025304921092, 12.5021375830779
41.9025204898608, 12.50212316544
41.9025157626356, 12.5020973050299
41.9025205069023, 12.5021065563592
41.902485052639, 12.5021278229469
41.9024623292235, 12.5020825343723
41.9024550983277, 12.5020776382077
41.9024348069885, 12.502098669484
41.9024348069885, 12.502098669484
41.9024348069885, 12.502098669484
41.9024348069885, 12.502098669484
41.9024348069885, 12.502098669484
41.9024348069885, 12.502098669484
41.9024348069885, 12.502098669484
41.902370365312, 12.5022575766441
41.9022151589559, 12.5023770918009
41.9022151643389, 12.502377133581
41.9022151643389, 12.502377133581
41.9022151643389, 12.502377133581
41.9022151643389, 12.502377133581
41.9022151643389, 12.502377133581
41.9022151643389, 12.502377133581
41.9022151643389, 12.502377133581
41.9022151643389, 12.502377133581
41.9022151643389, 12.502377133581
41.9022151643389, 12.502377133581
41.9022151643389, 12.502377133581
41.902186790814, 12.5024157472244
41.9021304284081, 12.5024782713586
41.9021304284081, 12.5024782713586
41.9021304284081, 12.5024782713586
41.9021304284081, 12.5024782713586
41.9021304284081, 12.5024782713586
41.9021304284081, 12.5024782713586
41.9021304284081, 12.5024782713586
41.9021304284081, 12.5024782713586
41.9021304284081, 12.5024782713586
41.9021013526099, 12.5025124080393
41.9021013526099, 12.5025124080393
41.9021013526099, 12.5025124080393
41.9021013526099, 12.5025124080393
41.9021013526099, 12.5025124080393
41.9021013526099, 12.5025124080393
41.9021013526099, 12.5025124080393
41.9021013526099, 12.5025124080393
41.9021013526099, 12.5025124080393
41.9021013526099, 12.5025124080393
41.9021013526099, 12.5025124080393
41.9021013526099, 12.5025124080393
41.9021013526099, 12.5025124080393
41.9021013526099, 12.5025124080393
41.9021013526099, 12.5025124080393
41.9021013526099, 12.5025124080393
41.9021013526099, 12.5025124080393
41.9020955810179, 12.5026663918323
41.9020885892972, 12.5027135645147
41.9020595335973, 12.503024947874
41.9023368895514, 12.5034748214239
41.9028071860588, 12.5040852782387
41.9029459453155, 12.5042214633754
41.9033501842773, 12.5037701492905
41.903547860784, 12.5034651141179
41.9038378046372, 12.503105910595
41.903999030705, 12.5027631218801
41.904229075252, 12.5029199616085
41.9045012822282, 12.5031415204084
41.9045012822428, 12.5031415204135
41.9047775001537, 12.5029656074692
41.904718814223, 12.5023441124944
41.9047197491557, 12.501967447447
41.9053430452032, 12.5012199926368
41.9058232781413, 12.5005637389522
41.906251800685, 12.500085476518
41.906251800685, 12.500085476518
41.906251800685, 12.500085476518
41.906251800685, 12.500085476518
41.906251800685, 12.500085476518
41.9063366075045, 12.4999845865323
41.9069529675988, 12.4993482575742
41.9074707267169, 12.4988706762691
41.9074707267169, 12.4988706762691
41.9074707267169, 12.4988706762691
41.9074707267169, 12.4988706762691
41.9077830980524, 12.4988098849921
41.9083399008543, 12.4987356967936
41.9091793668375, 12.4985368812719
41.9098640035021, 12.4983639698011
41.91013382522, 12.4983314744277
41.91013382522, 12.4983314744277
41.91013382522, 12.4983314744277
41.91013382522, 12.4983314744277
41.9105040811002, 12.4982802690476
41.9108779918816, 12.4982407320755
41.9108779918816, 12.4982407320755
41.9110844962836, 12.4975972667518
41.9110392218114, 12.4969556619076
41.9113385609646, 12.49698364086
41.9115302053228, 12.4969623903106
41.9117315221186, 12.4969146761773
41.9120600733886, 12.4967907293094
41.9124183494571, 12.4966876917434
41.9124183494571, 12.4966876917434
41.9124183494571, 12.4966876917434
41.9124183494571, 12.4966876917434
41.9128058653965, 12.4966413666601
41.9129595658977, 12.4966399917747
41.9132670181425, 12.4965537905277
41.9137929578868, 12.4964358275617
41.9142845756689, 12.4962508527438
41.9146942648886, 12.495715174888
41.9146942648886, 12.495715174888
41.9146942648886, 12.495715174888
41.91471569418, 12.4956149453631
41.9149525454511, 12.4950677075407
41.9150464541853, 12.4948767489295
41.9152015737889, 12.4945970290333
41.9154592941766, 12.4942200531595
41.9158355304374, 12.4943586786992
41.9164203019464, 12.4947130134196
