41.8888435053828, 12.4784239480218
41.8873188011004, 12.4787520083764
41.8855316244207, 12.4771119783776
41.8840414305056, 12.4751419727666
41.8838117619224, 12.4747882147897
41.8838117619224, 12.4747882147897
41.8837743071813, 12.4745749274418
41.8837481814714, 12.4730047684291
41.8842011701759, 12.4712037067833
41.8836041286303, 12.4698998173227
41.8834897215063, 12.4695616536465
41.8834794949588, 12.4691399032757
41.8834794949588, 12.4691399032757
41.8834794949588, 12.4691399032757
41.8834794949588, 12.4691399032757
41.8834794949588, 12.4691399032757
41.8834794949588, 12.4691399032757
41.8837729198235, 12.4696158836019
41.8837729198235, 12.4696158836019
41.8837729198235, 12.4696158836019
41.8847975974686, 12.4705621227882
41.8860782729077, 12.4715836077034
41.8868218129738, 12.4722777585794
41.8877125813604, 12.4731321446153
41.888262716028, 12.4735109868571
41.888673488046, 12.4738938227892
41.8894896001721, 12.4742405309734
41.8898352321164, 12.4745227162126
41.8898352321164, 12.4745227162126
41.8898352321164, 12.4745227162126
41.8898352321164, 12.4745227162126
41.8898352321164, 12.4745227162126
41.8898352321164, 12.4745227162126
41.8898352321164, 12.4745227162126
41.8898352321164, 12.4745227162126
41.8898352321164, 12.4745227162126
41.8898352321164, 12.4745227162126
41.8898352321164, 12.4745227162126
41.8898352321164, 12.4745227162126
41.8898352321164, 12.4745227162126
41.8898352321164, 12.4745227162126
41.8898001128612, 12.4744891787157
41.8898001128612, 12.4744891787157
41.8898001128612, 12.4744891787157
41.8898001128612, 12.4744891787157
41.8898001128612, 12.4744891787157
41.8898001128612, 12.4744891787157
41.8898106870725, 12.4744683215242
41.889813306801, 12.4744663481496
41.889813306797, 12.4744663481469
41.889813306797, 12.4744663481469
41.889813306797, 12.4744663481469
41.889813306797, 12.4744663481469
41.889813306797, 12.4744663481469
41.889813306797, 12.4744663481469
41.8898363658059, 12.4744622359177
41.8898185226822, 12.4744548832514
41.8898185226822, 12.4744548832514
41.8898185226822, 12.4744548832514
41.8898642199034, 12.4744900208923
41.8898787528157, 12.4744849690392
41.8898787528157, 12.4744849690392
41.8898787528157, 12.4744849690392
41.8898663856834, 12.474528371164
41.8898643406656, 12.4745029246484
41.8898643406656, 12.4745029246484
41.8898525100411, 12.4745101311647
41.8898524899941, 12.4745101274323
41.8898524899941, 12.4745101274323
41.8898524899941, 12.4745101274323
41.8898524899941, 12.4745101274323
41.8898524899941, 12.4745101274323
41.8898882428769, 12.4745062906464
41.8898882428769, 12.4745062906464
41.8898879825934, 12.4745058878762
41.8898879825934, 12.4745058878762
41.8898879825934, 12.4745058878762
41.8898771220655, 12.4745127911324
41.8898771221879, 12.4745127926619
41.8898771221879, 12.4745127926619
41.8898771221879, 12.4745127926619
41.8898771221879, 12.4745127926619
41.8898771221879, 12.4745127926619
41.8898771221879, 12.4745127926619
41.8898771221879, 12.4745127926619
41.8898771221879, 12.4745127926619
41.8898771221879, 12.4745127926619
41.8898771221879, 12.4745127926619
41.8898771221879, 12.4745127926619
41.8898771221879, 12.4745127926619
41.8898771221879, 12.4745127926619
41.8898771221879, 12.4745127926619
41.8898771221879, 12.4745127926619
41.8898771221879, 12.4745127926619
41.8898771221879, 12.4745127926619
41.8898771221879, 12.4745127926619
41.8898771221879, 12.4745127926619
41.8898771221879, 12.4745127926619
41.8898771221879, 12.4745127926619
41.8898771221879, 12.4745127926619
41.8898771221879, 12.4745127926619
41.8898771221879, 12.4745127926619
41.8898771221879, 12.4745127926619
41.8898771221879, 12.4745127926619
41.8898771221879, 12.4745127926619
41.8898771221879, 12.4745127926619
41.8898771221879, 12.4745127926619
41.8898771221879, 12.4745127926619
41.8898771221879, 12.4745127926619
41.8898771221879, 12.4745127926619
41.8898771221879, 12.4745127926619
41.8898771221879, 12.4745127926619
41.8898771221879, 12.4745127926619
41.8898771221879, 12.4745127926619
41.8898771221879, 12.4745127926619
41.8898771221879, 12.4745127926619
41.8898771221879, 12.4745127926619
41.8898771221879, 12.4745127926619
41.8898771221879, 12.4745127926619
41.8898771221879, 12.4745127926619
41.8898771221879, 12.4745127926619
41.8898771221879, 12.4745127926619
41.8898771221879, 12.4745127926619
41.8898771221879, 12.4745127926619
41.8898771221879, 12.4745127926619
41.8898771221879, 12.4745127926619
41.8898771221879, 12.4745127926619
41.8898771221879, 12.4745127926619
41.8898771221879, 12.4745127926619
41.8898771221879, 12.4745127926619
41.8898771221879, 12.4745127926619
41.8898771221879, 12.4745127926619
41.8898771221879, 12.4745127926619
41.8898771221879, 12.4745127926619
41.8898771221879, 12.4745127926619
41.8898771221879, 12.4745127926619
41.8898771221879, 12.4745127926619
41.8898771221879, 12.4745127926619
41.8898771221879, 12.4745127926619
41.8898771221879, 12.4745127926619
41.8898771221879, 12.4745127926619
41.8898771221879, 12.4745127926619
41.8898797483558, 12.4745140496525
41.8898793780675, 12.4745139296798
41.8898793780675, 12.4745139296798
41.8898793780675, 12.4745139296798
41.8898793780675, 12.4745139296798
41.8898793780675, 12.4745139296798
41.8898793780675, 12.4745139296798
41.8898793780675, 12.4745139296798
41.8898793780675, 12.4745139296798
41.8898793780675, 12.4745139296798
41.8898793780675, 12.4745139296798
41.8898793780675, 12.4745139296798
41.8898793780675, 12.4745139296798
41.8898793780675, 12.4745139296798
41.8898793780675, 12.4745139296798
41.8898793780675, 12.4745139296798
41.8898793780675, 12.4745139296798
41.8898793780675, 12.4745139296798
41.8898793780675, 12.4745139296798
41.8898793780675, 12.4745139296798
41.8898793780675, 12.4745139296798
41.8898793780675, 12.4745139296798
41.8898793780675, 12.4745139296798
41.8898793780675, 12.4745139296798
41.8898793780675, 12.4745139296798
41.8898793780675, 12.4745139296798
41.8898793780675, 12.4745139296798
41.8898793780675, 12.4745139296798
41.8898793780675, 12.4745139296798
41.8898793780675, 12.4745139296798
41.8898793780675, 12.4745139296798
41.8898793780675, 12.4745139296798
41.8898793780675, 12.4745139296798
41.8898793780675, 12.4745139296798
41.8898793780675, 12.4745139296798
41.8898793780675, 12.4745139296798
41.8898793780675, 12.4745139296798
41.8898793780675, 12.4745139296798
41.8898793780675, 12.4745139296798
41.8898793780675, 12.4745139296798
41.8898793780675, 12.4745139296798
41.8898793780675, 12.4745139296798
41.8898793780675, 12.4745139296798
41.8898793780675, 12.4745139296798
41.8898793780675, 12.4745139296798
41.8898793780675, 12.4745139296798
41.8898793780675, 12.4745139296798
41.8898793780675, 12.4745139296798
41.8898793780675, 12.4745139296798
41.8898793780675, 12.4745139296798
41.8898793780675, 12.4745139296798
41.8898793780675, 12.4745139296798
41.8898793780675, 12.4745139296798
41.8898793780675, 12.4745139296798
41.8898793780675, 12.4745139296798
41.8898793780675, 12.4745139296798
41.8898793780675, 12.4745139296798
41.8898793780675, 12.4745139296798
41.8898793780675, 12.4745139296798
41.8898793780675, 12.4745139296798
41.8898793780675, 12.4745139296798
41.8898793780675, 12.4745139296798
41.8898793780675, 12.4745139296798
41.8898793780675, 12.4745139296798
41.8898793780675, 12.4745139296798
41.8898793780675, 12.4745139296798
41.8898793780675, 12.4745139296798
41.8898793780675, 12.4745139296798
41.8898793780675, 12.4745139296798
41.8898793780675, 12.4745139296798
41.8898793780675, 12.4745139296798
41.8898793780675, 12.4745139296798
41.8898793780675, 12.4745139296798
41.8898793780675, 12.4745139296798
41.8898793780675, 12.4745139296798
41.8898793780675, 12.4745139296798
41.8898793780675, 12.4745139296798
41.8898793780675, 12.4745139296798
41.8898793780675, 12.4745139296798
41.8898793780675, 12.4745139296798
41.8898793780675, 12.4745139296798
41.8898793780675, 12.4745139296798
41.8898793780675, 12.4745139296798
41.8898793780675, 12.4745139296798
41.8898793780675, 12.4745139296798
41.8898774987716, 12.4745131632117
41.8898774987716, 12.4745131632117
41.8898774987716, 12.4745131632117
41.8898774987716, 12.4745131632117
41.8898774987716, 12.4745131632117
41.8898774987716, 12.4745131632117
41.8898774987716, 12.4745131632117
41.8898774987716, 12.4745131632117
41.8898774987716, 12.4745131632117
41.8898774987716, 12.4745131632117
41.8898774987716, 12.4745131632117
41.8898774987716, 12.4745131632117
41.8898774987716, 12.4745131632117
41.8898774987716, 12.4745131632117
41.8898774987716, 12.4745131632117
41.8898774987716, 12.4745131632117
41.8898774987716, 12.4745131632117
41.8898774987716, 12.4745131632117
41.8898774987716, 12.4745131632117
41.8898774987716, 12.4745131632117
41.8898774987716, 12.4745131632117
41.8898774987716, 12.4745131632117
41.8898774987716, 12.4745131632117
41.8898774987716, 12.4745131632117
41.8898774987716, 12.4745131632117
41.8898774987716, 12.4745131632117
41.8898774987716, 12.4745131632117
41.8898774987716, 12.4745131632117
41.8898758032535, 12.4745142397481
41.8898623291636, 12.4745380908555
41.889868007512, 12.4745621204944
41.889868007512, 12.4745621204944
41.8898685640377, 12.4745658437757
41.8898685641883, 12.4745658440647
41.8898685641883, 12.4745658440647
41.8898685641883, 12.4745658440647
41.8898685641883, 12.4745658440647
41.8898581279453, 12.474552441789
41.8898581279453, 12.474552441789
41.8898581279453, 12.474552441789
41.8898581279453, 12.474552441789
41.8898581279453, 12.474552441789
41.8898581279453, 12.474552441789
41.8898581279453, 12.474552441789
41.8898581279453, 12.474552441789
41.8898581279453, 12.474552441789
41.8898581279453, 12.474552441789
41.8898581279453, 12.474552441789
41.8898581279453, 12.474552441789
41.8898581279453, 12.474552441789
41.8897516726383, 12.4744973647375
41.8897420234704, 12.4745112023134
41.8897527253373, 12.4745156605217
41.8896413896708, 12.4744823999968
41.8896336947648, 12.4744746627161
41.8896336947648, 12.4744746627161
41.8896336947648, 12.4744746627161
41.8896336947648, 12.4744746627161
41.8896336947648, 12.4744746627161
41.8896687874203, 12.4744473997234
41.8896687874203, 12.4744473997234
41.8896687874203, 12.4744473997234
41.8896687874203, 12.4744473997234
41.8896817159596, 12.4744476780619
41.8897222385419, 12.4743968937304
41.8897222385419, 12.4743968937304
41.8897222385419, 12.4743968937304
41.8899580915334, 12.4743770013397
41.8901463174899, 12.4743816385592
41.8903264900868, 12.4744098453683
41.8907082169935, 12.4745245563965
41.8914724163602, 12.4746220712826
41.8926665499067, 12.4749565182849
41.8932402893799, 12.4753001447596
41.8932402893799, 12.4753001447596
41.8939342535568, 12.4760447245383
41.8949311030882, 12.4769197679688
41.8949856937723, 12.4791125816537
41.8948662914191, 12.4805115943865
41.8941420544673, 12.4816438510303
41.8950936490323, 12.4821220527939
41.8961678314967, 12.4827493005963
41.8968288885047, 12.4821225201739
41.8985271144092, 12.4814792158037
41.9002111954988, 12.4808759138259
41.9014728730441, 12.4804897379234
41.9020487692495, 12.4824778142771
41.902525824635, 12.4842341030003
41.9028145518099, 12.4854515137189
41.9028145518099, 12.4854515137189
41.9031205101624, 12.4866042456447
41.9036157309562, 12.4885077166324
41.9042307030882, 12.4887945820833
41.9055708495223, 12.4881305065397
