41.8981987425641, 12.4632794595466
41.8966483650862, 12.4645194109368
41.895809099148, 12.4652305625273
41.895809099148, 12.4652305625273
41.8953562023385, 12.4657911276065
41.8943788163531, 12.4670660348961
41.8932192698326, 12.4685434512707
41.8923043906853, 12.4696668712923
41.8922739493028, 12.469691980868
41.8922739493028, 12.469691980868
41.8922739493028, 12.469691980868
41.8922739493028, 12.469691980868
41.8922739493028, 12.469691980868
41.8922739493028, 12.469691980868
41.8922739493028, 12.469691980868
41.8922739493028, 12.469691980868
41.8922739493028, 12.469691980868
41.8922739493028, 12.469691980868
41.8922739493028, 12.469691980868
41.8922739493028, 12.469691980868
41.8922739493028, 12.469691980868
41.8922739493028, 12.469691980868
41.8922739493028, 12.469691980868
41.8922739493028, 12.469691980868
41.8922739493028, 12.469691980868
41.8922739493028, 12.469691980868
41.8922739493028, 12.469691980868
41.8922739493028, 12.469691980868
41.8922929308174, 12.4696942541161
41.8922982795331, 12.4695861851176
41.8922634526345, 12.4695701551007
41.8922630864129, 12.4695623545439
41.8922768196452, 12.4696441825354
41.8923174608365, 12.4696904432913
41.8923350462448, 12.46972244945
41.8923039105696, 12.469751604818
41.8923051819949, 12.4696671461271
41.8923136913349, 12.4696335048266
41.8923142570379, 12.4696956430068
41.8923787732818, 12.4697301702078
41.8923695926287, 12.4697957767239
41.892341236403, 12.4696878869117
41.8923167997637, 12.4696861874971
41.8922964649895, 12.469647656203
41.8923475066692, 12.4696769806045
41.8923670591363, 12.4696888171889
41.8923292832524, 12.4696748023028
41.8923547466465, 12.4696727250359
41.892358821076, 12.4696637771109
41.8923557836384, 12.4696407992613
41.892314920321, 12.4696656955605
41.8923216573705, 12.469696020666
41.8923270467093, 12.4696887785228
41.8922993162429, 12.4696783118322
41.8922951006571, 12.4696869472558
41.8923090551593, 12.4696991728367
41.8923130214106, 12.4696912758113
41.8922650406766, 12.4696706959625
41.8923074719103, 12.4696255470973
41.8922902085623, 12.4696523510535
41.892346855665, 12.4696140366642
41.8923292285636, 12.4695334943235
41.8923216575318, 12.4695827670826
41.8922765351953, 12.4696847991196
41.8922299449012, 12.469725425024
41.8921945543124, 12.469803671791
41.8921959666615, 12.4699075077312
41.8922039837857, 12.4698664985162
41.8921917859501, 12.4697829770469
41.8921404088857, 12.4698016640276
41.8921719013127, 12.4697417359591
41.8921554793039, 12.4697433052256
41.8921815478068, 12.4697516882726
41.8921994178696, 12.4697636025537
41.8922177720931, 12.4697313206123
41.8922177719904, 12.4697313213721
41.8922177719904, 12.4697313213721
41.8922177719904, 12.4697313213721
41.8922177719904, 12.4697313213721
41.8922177719904, 12.4697313213721
41.8922177719904, 12.4697313213721
41.8922177719904, 12.4697313213721
41.8922184744793, 12.4697384858337
41.8922197487062, 12.469768071341
41.8922173848391, 12.4697688265157
41.8922173848391, 12.4697688265157
41.8922210224969, 12.4697560274375
41.8922262661, 12.469769851776
41.8922262661, 12.469769851776
41.8922262661, 12.469769851776
41.8922262661, 12.469769851776
41.8922262661, 12.469769851776
41.892229390068, 12.4697425254203
41.8922196279222, 12.4697395488708
41.8922195648374, 12.4697395327815
41.892173105026, 12.4697947012517
41.892173105026, 12.4697947012517
41.892173105026, 12.4697947012517
41.892173105026, 12.4697947012517
41.892173105026, 12.4697947012517
41.892173105026, 12.4697947012517
41.8922717950493, 12.4698376962433
41.8923076603836, 12.4698445569816
41.89229301742, 12.4699145721422
41.8922931458476, 12.4699198185679
41.8922931458473, 12.4699198185743
41.8923245570094, 12.4699216637687
41.8922158292015, 12.4698766738308
41.8922158292014, 12.4698766738309
41.8922158292014, 12.4698766738309
41.8922158292014, 12.4698766738309
41.8922158292014, 12.4698766738309
41.8922158292014, 12.4698766738309
41.8922161119408, 12.4699200597278
41.8921938239586, 12.4699514008416
41.8912373450878, 12.4711719323823
41.8907399060186, 12.471825662794
41.8907399060186, 12.471825662794
41.8905832022711, 12.4715175095998
41.8907149593297, 12.4713037127613
41.8908754877595, 12.4709232696483
41.8912479451425, 12.470472954409
41.8915864178084, 12.4700514682333
41.8917197140009, 12.4700836819871
41.8922158292014, 12.4698766738309
41.8917197140009, 12.4700836819871
41.8917197140009, 12.4700836819871
41.8917370785743, 12.4705768386626
41.8906928173654, 12.4725383541924
41.8903549375885, 12.4741794684076
41.8906712948767, 12.4744854326554
41.8918002535452, 12.4745956213525
41.892812685876, 12.4750113025273
41.8929298995621, 12.4751015279368
41.8942956857435, 12.4760345771846
41.8948678269613, 12.4764047079519
41.8948678269613, 12.4764047079519
41.8949036124941, 12.4768250632018
41.8949675105361, 12.4798792979527
41.8941694249802, 12.4813730708242
41.8946875812634, 12.4821061711396
41.8956509038411, 12.4826170101733
41.8967931567442, 12.4827255807127
41.8972454328744, 12.484904521727
41.8962288083345, 12.4857701134145
41.8966056145246, 12.487114759492
41.8980196368799, 12.4868072647514
41.8999679244027, 12.4876599683805
