41.8940387745677, 12.4816648982461
41.8951355614425, 12.4820834480992
41.896361751572, 12.4826273885688
41.8975695723447, 12.4818833942317
41.8989667758773, 12.4813528560257
41.900107668594, 12.4809064915075
41.9015444928587, 12.4806185963022
41.9019726148822, 12.4820256229275
41.9023808483122, 12.4836918519194
41.9024079688082, 12.4841192676998
41.9024079688082, 12.4841192676998
41.9028989260041, 12.4858221047858
41.9034292324929, 12.4875762112224
41.9035567226433, 12.4881279687708
41.903463001289, 12.488310163464
41.9035164544323, 12.4885415964282
41.9035164544323, 12.4885415964282
41.9034266767697, 12.4888134024424
41.9034266767697, 12.4888134024424
41.9034266767697, 12.4888134024424
41.9034266767697, 12.4888134024424
41.9034266767697, 12.4888134024424
41.9034266767697, 12.4888134024424
41.9034266767697, 12.4888134024424
41.9034266767697, 12.4888134024424
41.9034266767697, 12.4888134024424
41.9034266767697, 12.4888134024424
41.9034266767697, 12.4888134024424
41.9034266767697, 12.4888134024424
41.9034266767697, 12.4888134024424
41.9034266767697, 12.4888134024424
41.9034266767697, 12.4888134024424
41.9034266767697, 12.4888134024424
41.9034962953617, 12.4888238425798
41.9035632518928, 12.4888674542755
41.9035773158192, 12.4888039156698
41.9035773158192, 12.4888039156698
41.9035773158192, 12.4888039156698
41.9035773158192, 12.4888039156698
41.9035773158192, 12.4888039156698
41.9035773158192, 12.4888039156698
41.9035854006308, 12.4887892022463
41.9036034245527, 12.4887863704243
41.9036348653297, 12.4887944658481
41.9036348653297, 12.4887944658481
41.9036453298657, 12.4888110455235
41.90364137544, 12.4888598159033
41.9036455286927, 12.4888600803755
41.9036521518949, 12.488840602344
41.9036521826618, 12.4888404867379
41.9036947498677, 12.4888968909163
41.903758170191, 12.4891032101731
41.903758170191, 12.4891032101731
41.903758170191, 12.4891032101731
41.903758170191, 12.4891032101731
41.903758170191, 12.4891032101731
41.903758170191, 12.4891032101731
41.903758170191, 12.4891032101731
41.903758170191, 12.4891032101731
41.903758170191, 12.4891032101731
41.903758170191, 12.4891032101731
41.903758170191, 12.4891032101731
41.903758170191, 12.4891032101731
41.903758170191, 12.4891032101731
41.903758170191, 12.4891032101731
41.903758170191, 12.4891032101731
41.903758170191, 12.4891032101731
41.903758170191, 12.4891032101731
41.903758170191, 12.4891032101731
41.903758170191, 12.4891032101731
41.903758170191, 12.4891032101731
41.903758170191, 12.4891032101731
41.903758170191, 12.4891032101731
41.903758170191, 12.4891032101731
41.903758170191, 12.4891032101731
41.903758170191, 12.4891032101731
41.903758170191, 12.4891032101731
41.903758170191, 12.4891032101731
41.903758170191, 12.4891032101731
41.903758170191, 12.4891032101731
41.903758170191, 12.4891032101731
41.903758170191, 12.4891032101731
41.903758170191, 12.4891032101731
41.903758170191, 12.4891032101731
41.903758170191, 12.4891032101731
41.9041593200334, 12.4892749931666
41.9041593200334, 12.4892749931666
41.9047058404377, 12.4904406234651
41.9051542544996, 12.491444436392
41.9054477344767, 12.4922223806603
41.9061923653181, 12.4904946973101
41.9070986105864, 12.4901619148849
41.9071188300503, 12.4901395712895
41.9071188300503, 12.4901395712895
41.9071188300503, 12.4901395712895
41.9075672557208, 12.490451475223
41.9075827155527, 12.4904721202607
41.9075827155527, 12.4904721202607
41.9075827155527, 12.4904721202607
41.9075827155527, 12.4904721202607
41.9075827155527, 12.4904721202607
41.9075827155527, 12.4904721202607
41.9075827155527, 12.4904721202607
41.9075827155527, 12.4904721202607
41.9075827155527, 12.4904721202607
41.9075827155527, 12.4904721202607
41.9075827155527, 12.4904721202607
41.9075827155527, 12.4904721202607
41.9075827155527, 12.4904721202607
41.9075827155527, 12.4904721202607
41.9075827155527, 12.4904721202607
41.9075827155527, 12.4904721202607
41.9075990258651, 12.4903862965447
41.9075990258651, 12.4903862965447
41.9075990258651, 12.4903862965447
41.9075990258651, 12.4903862965447
41.9075990258651, 12.4903862965447
41.9075990258651, 12.4903862965447
41.9075990258651, 12.4903862965447
41.9075990258651, 12.4903862965447
41.9075990258651, 12.4903862965447
41.9075990258651, 12.4903862965447
41.9075990258651, 12.4903862965447
41.9075990258651, 12.4903862965447
41.9075990258651, 12.4903862965447
41.9075990258651, 12.4903862965447
41.9075932182953, 12.4903477159748
41.9075932182953, 12.4903477159748
41.9075976336593, 12.4903068117458
41.9075976336593, 12.4903068117458
41.9075976336593, 12.4903068117458
41.9075976336593, 12.4903068117458
41.9075976336593, 12.4903068117458
41.9075781320173, 12.490319989224
41.9075781297627, 12.4903199904217
41.9075781297627, 12.4903199904217
41.9075781297627, 12.4903199904217
41.9075781297627, 12.4903199904217
41.9075781297627, 12.4903199904217
41.9075781297627, 12.4903199904217
41.9075781297627, 12.4903199904217
41.9075781297627, 12.4903199904217
41.9075781297627, 12.4903199904217
41.9075781297627, 12.4903199904217
41.9075781297627, 12.4903199904217
41.9075753231242, 12.4903237412253
41.9075753231242, 12.4903237412253
41.9075753231242, 12.4903237412253
41.9075753231242, 12.4903237412253
41.9075753231242, 12.4903237412253
41.9075753231242, 12.4903237412253
41.9075753231242, 12.4903237412253
41.9075753231242, 12.4903237412253
41.9075753231242, 12.4903237412253
41.9075753231242, 12.4903237412253
41.9075753231242, 12.4903237412253
41.9075753231242, 12.4903237412253
41.9075753231242, 12.4903237412253
41.9075753231242, 12.4903237412253
41.9075753231242, 12.4903237412253
41.9075753231242, 12.4903237412253
41.9075753231242, 12.4903237412253
41.9075753231242, 12.4903237412253
41.9075753231242, 12.4903237412253
41.9075753231242, 12.4903237412253
41.9075753231242, 12.4903237412253
41.9075753231242, 12.4903237412253
41.9075753231242, 12.4903237412253
41.9075753231242, 12.4903237412253
41.9075753231242, 12.4903237412253
41.9075779505424, 12.4903311177747
41.907577951003, 12.4903311183482
41.907577951003, 12.4903311183482
41.907577951003, 12.4903311183482
41.907577951003, 12.4903311183482
41.907577951003, 12.4903311183482
41.907577951003, 12.4903311183482
41.907577951003, 12.4903311183482
41.9075713127578, 12.4903289947418
41.9075713121921, 12.4903289945969
41.9075482789284, 12.4902445452189
41.9075468507438, 12.4902344811295
41.9075468507438, 12.4902344811295
41.9075468507438, 12.4902344811295
41.9075311391502, 12.490235138695
41.9075341446971, 12.4902517474992
41.9075199081086, 12.4902810508017
41.9075199081086, 12.4902810508017
41.9075199081086, 12.4902810508017
41.9075199081086, 12.4902810508017
41.9075150587916, 12.4902777374457
41.9075097961261, 12.4902750220264
41.9075097961261, 12.4902750220264
41.9075115000161, 12.4902592624049
41.9075115000161, 12.4902592624047
41.9075115000161, 12.4902592624047
41.9075232407265, 12.4902405782652
41.9075232407265, 12.4902405782652
41.9075243177061, 12.4901622726469
41.9075243177078, 12.4901622726432
41.9075375414255, 12.4901483154877
41.9075537319334, 12.4901244813276
41.9075585143173, 12.4901192777724
41.9075585143173, 12.4901192777724
41.9075585143173, 12.4901192777724
41.9075585143173, 12.4901192777724
41.9075585143173, 12.4901192777724
41.9075585143173, 12.4901192777724
41.9075585143173, 12.4901192777724
41.9075585143173, 12.4901192777724
41.9075585143173, 12.4901192777724
41.9075585143173, 12.4901192777724
41.9075585143173, 12.4901192777724
41.9075585143173, 12.4901192777724
41.9075585143173, 12.4901192777724
41.9075585143173, 12.4901192777724
41.9075585143173, 12.4901192777724
41.9075585143173, 12.4901192777724
41.9075585143173, 12.4901192777724
41.9075439481268, 12.4900707389934
41.9075439481268, 12.4900707389934
41.9075439481268, 12.4900707389934
41.9075439481268, 12.4900707389934
41.9075439481268, 12.4900707389934
41.9075439481268, 12.4900707389934
41.9075439481268, 12.4900707389934
41.9075439481268, 12.4900707389934
41.9075439481268, 12.4900707389934
41.9075439481268, 12.4900707389934
41.9075439481268, 12.4900707389934
41.9075439481268, 12.4900707389934
41.9075439481268, 12.4900707389934
41.9075439481268, 12.4900707389934
41.9075439481268, 12.4900707389934
41.9075439481268, 12.4900707389934
41.9075439481268, 12.4900707389934
41.9075439481268, 12.4900707389934
41.9075439481268, 12.4900707389934
41.9075439481268, 12.4900707389934
41.9075439481268, 12.4900707389934
41.9075245021553, 12.4900405697104
41.9074945057475, 12.490053732982
41.9074887807586, 12.4900599866712
41.9074735003711, 12.4900823449653
41.9074735003722, 12.4900823449669
41.9074735003722, 12.4900823449669
41.9074735003722, 12.4900823449669
41.9074735003722, 12.4900823449669
41.9074735003722, 12.4900823449669
41.9074714092843, 12.4900710964272
41.9074659156685, 12.4900107919732
41.9074659156685, 12.4900107919732
41.9074659156685, 12.4900107919732
41.9074659156685, 12.4900107919732
41.9074407018106, 12.4900271364905
41.9074347025888, 12.4900400224473
41.9074426882603, 12.4900782528229
41.9074426882603, 12.4900782528229
41.9074522609223, 12.4900015213102
41.9074238750623, 12.4900071967856
41.9074148754292, 12.490019405657
41.9074537075459, 12.4900181363363
41.9074652616815, 12.4900245693756
41.9074521795381, 12.4900174771535
41.9074432918153, 12.4900313729324
41.9074700647419, 12.4900293800345
41.9075125426992, 12.4900211411454
41.907512843614, 12.49001748802
41.9074397703848, 12.4900888941112
41.9074171739619, 12.4901150478786
41.9074273488283, 12.4900730560747
41.9074463535082, 12.4900649936032
41.907439169698, 12.4900489411401
41.907439169698, 12.4900489411401
41.9074495813845, 12.4900303726758
41.9074667582355, 12.4900480975732
41.9074985310623, 12.4900687532544
41.9074468202382, 12.490053172403
41.9074202902567, 12.4900948180726
41.9074018631933, 12.4901046668794
41.9075047296224, 12.4901264102024
41.907566634588, 12.4900251410161
41.907611535963, 12.4901146722858
41.9076193572353, 12.4900501679551
41.907606451377, 12.4900450657807
41.9075547223348, 12.4899797906141
41.9074446665881, 12.4899821809191
41.9074058828286, 12.4899639960132
41.9074802527731, 12.4900041710581
41.907416851811, 12.4900559751188
41.9074292431954, 12.4899865645006
41.9074933894301, 12.4899297942627
41.9074327508157, 12.4899647306253
41.9074488348321, 12.4900299369242
41.9074834709445, 12.4899873871099
41.9074884789628, 12.4899461229012
41.9074675083765, 12.4899946207489
41.9074905937548, 12.4900392257126
41.9074803826833, 12.4899761893587
41.9074459694292, 12.4899789130527
41.9074553880945, 12.4899519892455
41.9074845721341, 12.4900443788476
41.9074846631199, 12.4900370134746
41.9074844313053, 12.4900804235535
41.9074660856849, 12.4900965800327
41.9074963242013, 12.4900088285808
41.9074515916893, 12.4900141990819
41.9074006453863, 12.4900162724373
41.9074354434045, 12.4900773881855
41.9074752305777, 12.4901157237339
41.9074832406525, 12.490137487773
41.9074684736071, 12.4900644254256
41.9074918182139, 12.4901313373505
41.9074716686477, 12.4900936876293
41.9074181064063, 12.4900721730627
41.9074237685305, 12.49006358667
41.9074398577317, 12.4900721700619
41.907454866079, 12.4900730147246
41.9074699792798, 12.4901209044064
41.9074699792798, 12.4901209044064
41.9074699792798, 12.4901209044064
41.9074699792798, 12.4901209044064
41.9074699792798, 12.4901209044064
41.9074699792798, 12.4901209044064
41.9074699792798, 12.4901209044064
41.9074699792798, 12.4901209044064
41.9074699792798, 12.4901209044064
41.9074699792798, 12.4901209044064
41.9074699792798, 12.4901209044064
41.9074699792798, 12.4901209044064
41.9074699792798, 12.4901209044064
41.9074699792798, 12.4901209044064
41.9074699792798, 12.4901209044064
41.9074699792798, 12.4901209044064
41.9074699792798, 12.4901209044064
41.9074699792798, 12.4901209044064
41.9074699792798, 12.4901209044064
41.907468096678, 12.4900738700042
41.9074727682013, 12.4900811579744
41.9074831425292, 12.4901124174788
41.9074831396021, 12.4901123795524
41.9074831396021, 12.4901123795524
41.9074831396021, 12.4901123795524
41.9074604757025, 12.4900170124674
41.9074491263369, 12.4899497566501
41.9074223161222, 12.4899640127537
41.9075085624496, 12.4900229565383
41.9074947084004, 12.4899873194862
41.907489816775, 12.4899824331247
41.9070061423339, 12.4900965169391
41.9064099352286, 12.4902548951284
41.9061953103528, 12.4904740757079
41.9053150455341, 12.4922216970067
41.9050646503953, 12.4930463720319
41.9050646503953, 12.4930463720319
41.9049732939985, 12.4933578043496
41.9043166038676, 12.4943716835441
41.903321625955, 12.4955407675912
41.9024625037816, 12.4963033270404
41.9015725381236, 12.497465815453
41.9004083952906, 12.4989619638053
41.89975551075, 12.5000012452649
41.8993771715739, 12.5007510070202
