41.9013640036943, 12.5010808648437
41.9012812467047, 12.500994994447
41.9007794237047, 12.5004970757203
41.9006074268685, 12.5001874683063
41.9006957903197, 12.5000746827491
41.9006957903197, 12.5000746827491
41.9007595402157, 12.5000018093816
41.9013983710546, 12.4989435998377
41.9017967732095, 12.4986356578287
41.9017967732095, 12.4986356578287
41.9022736924731, 12.4980601800941
41.9028793483215, 12.4964880199873
41.9029751550149, 12.4963909061225
41.9029956742077, 12.4963632363038
41.9029956742077, 12.4963632363038
41.9029956742077, 12.4963632363038
41.9029956742077, 12.4963632363038
41.9029956742077, 12.4963632363038
41.9029956742077, 12.4963632363038
41.9029956742077, 12.4963632363038
41.9029956742077, 12.4963632363038
41.9029956742077, 12.4963632363038
41.9029956742077, 12.4963632363038
41.9029956742077, 12.4963632363038
41.9029956742077, 12.4963632363038
41.9029956742077, 12.4963632363038
41.9029956742077, 12.4963632363038
41.9029956742077, 12.4963632363038
41.9029956742077, 12.4963632363038
41.9029956742077, 12.4963632363038
41.9029956742077, 12.4963632363038
41.9029956742077, 12.4963632363038
41.9029956742077, 12.4963632363038
41.9029875407817, 12.4963932953945
41.9029875407817, 12.4963932953945
41.9029875407817, 12.4963932953945
41.9029875407817, 12.4963932953945
41.9029875407817, 12.4963932953945
41.9029875407817, 12.4963932953945
41.9029875407817, 12.4963932953945
41.9029875407817, 12.4963932953945
41.9029875407817, 12.4963932953945
41.9029875407817, 12.4963932953945
41.9029875407817, 12.4963932953945
41.9029875407817, 12.4963932953945
41.9029875407817, 12.4963932953945
41.9029875407817, 12.4963932953945
41.9029875407817, 12.4963932953945
41.9029875407817, 12.4963932953945
41.9029875407817, 12.4963932953945
41.9029875407817, 12.4963932953945
41.9029875407817, 12.4963932953945
41.9029875407817, 12.4963932953945
41.9029875407817, 12.4963932953945
41.9029872762849, 12.4964231003518
41.9029872762849, 12.4964231003518
41.9029872762849, 12.4964231003518
41.9029872762849, 12.4964231003518
41.9029872762849, 12.4964231003518
41.9029872762849, 12.4964231003518
41.9029872762849, 12.4964231003518
41.9029872762849, 12.4964231003518
41.9030010662509, 12.4963900004535
41.9030553537556, 12.4963022420043
41.9030345228152, 12.4963205229991
41.9030345228152, 12.4963205229991
41.9030345228152, 12.4963205229991
41.9030345228152, 12.4963205229991
41.9030345228152, 12.4963205229991
41.9030345228152, 12.4963205229991
41.9030345228152, 12.4963205229991
41.9030345228152, 12.4963205229991
41.9030345228152, 12.4963205229991
41.9030345228152, 12.4963205229991
41.9030345228152, 12.4963205229991
41.9030345228152, 12.4963205229991
41.9030345228152, 12.4963205229991
41.9030345228152, 12.4963205229991
41.9030345228152, 12.4963205229991
41.9030345228152, 12.4963205229991
41.9030346603043, 12.4962703023881
41.9030346603043, 12.4962703023881
41.9030346603043, 12.4962703023881
41.9030346603043, 12.4962703023881
41.9030346603043, 12.4962703023881
41.9030346603043, 12.4962703023881
41.9030346603043, 12.4962703023881
41.9030346603043, 12.4962703023881
41.9030346603043, 12.4962703023881
41.9030346603043, 12.4962703023881
41.9030346603043, 12.4962703023881
41.9030346603043, 12.4962703023881
41.9030346603043, 12.4962703023881
41.9030346603043, 12.4962703023881
41.9030346603043, 12.4962703023881
41.9030346603043, 12.4962703023881
41.9030346603043, 12.4962703023881
41.9030346603043, 12.4962703023881
41.9030346603043, 12.4962703023881
41.9030346603043, 12.4962703023881
41.9030346603043, 12.4962703023881
41.9030346603043, 12.4962703023881
41.9030346603043, 12.4962703023881
41.9030346603043, 12.4962703023881
41.9030346603043, 12.4962703023881
41.9030346603043, 12.4962703023881
41.9030346603043, 12.4962703023881
41.9030346603043, 12.4962703023881
41.9030346603043, 12.4962703023881
41.9030346603043, 12.4962703023881
41.903005108035, 12.4962671149362
41.9030145213437, 12.4962650222742
41.9030436085001, 12.4962155648978
41.9030063399646, 12.4962739279279
41.9029793575547, 12.4962450666742
41.9030132712749, 12.4962317037933
41.9030078808279, 12.4962109302497
41.9030382217467, 12.4962493336831
41.9030106322277, 12.4962431047505
41.9030046739547, 12.4962771823673
41.9030432778162, 12.4962375266206
41.9030111119984, 12.4963150999079
41.9030441057727, 12.4963069923594
41.9030680680466, 12.4962916652487
41.9030355245988, 12.4963126618856
41.903019502675, 12.4964291475392
41.9029965158556, 12.4965445228826
41.9030144237812, 12.4965400698314
41.9030184767375, 12.4965139339218
41.9030184767375, 12.4965139339218
41.9030392060306, 12.496473409868
41.9030392060306, 12.496473409868
41.9030392060306, 12.496473409868
41.9030392060306, 12.496473409868
41.9030406819714, 12.4964392052627
41.9030406819714, 12.4964392052627
41.9030406819714, 12.4964392052627
41.9030406819714, 12.4964392052627
41.90304439736, 12.4964387937458
41.9030493699347, 12.496412526042
41.9030675639052, 12.4963432402166
41.9030675639052, 12.4963432402166
41.9030675639052, 12.4963432402166
41.9030675639052, 12.4963432402166
41.9030675639052, 12.4963432402166
41.9030653684243, 12.4963368450569
41.9030516396681, 12.4963176144024
41.9030513962331, 12.4963015586468
41.9030606007562, 12.496299836831
41.9030606007562, 12.496299836831
41.9030616787592, 12.4963016510406
41.9030616787592, 12.4963016510406
41.9030616787592, 12.4963016510406
41.9030579332347, 12.4962974148797
41.9030579332347, 12.4962974148797
41.9030579332347, 12.4962974148797
41.9030055889625, 12.4962514718607
41.9030047745123, 12.496217642526
41.9029453502413, 12.4960188934143
41.9029709728833, 12.4960933647295
41.9029986401364, 12.4961301419054
41.9030165168492, 12.4962126024479
41.9030581829786, 12.4961241510059
41.9030664589538, 12.4961470861232
41.9029912955354, 12.4961494364731
41.9030296493821, 12.496217449172
41.9031188337818, 12.4962992979105
41.9031102554202, 12.4961945928445
41.9031084548927, 12.4961313949402
41.9030811318815, 12.4962414571837
41.903038857559, 12.4962050238951
41.903038404263, 12.4961565746978
41.9030257758828, 12.4961453564454
41.9030061320845, 12.4961890333539
41.9030338865871, 12.4961727050963
41.903087432012, 12.4960411645286
41.903048934782, 12.4960406492496
41.903048934782, 12.4960406492496
41.903048934782, 12.4960406492496
41.903048934782, 12.4960406492496
41.903048934782, 12.4960406492496
41.9030558448417, 12.4960343346293
41.9030558448417, 12.4960343346293
41.9030558448417, 12.4960343346293
41.9030558448417, 12.4960343346293
41.9030558448417, 12.4960343346293
41.9030558448417, 12.4960343346293
41.9030558448417, 12.4960343346293
41.9030558448417, 12.4960343346293
41.9029837418119, 12.4962404145442
41.9029485003445, 12.4962519933324
41.9029981321597, 12.4961824198495
41.9029833848987, 12.4961636431911
41.9029833848987, 12.4961636431911
41.9029833848987, 12.4961636431911
41.9029833848987, 12.4961636431911
41.9029833848987, 12.4961636431911
41.9029833848987, 12.4961636431911
41.9029833848987, 12.4961636431911
41.9029833848987, 12.4961636431911
41.9029833848987, 12.4961636431911
41.9029824130711, 12.4962153698391
41.9029862027816, 12.4962014540962
41.9029806804031, 12.4961982382695
41.9029900564962, 12.4962182775943
41.9029564522795, 12.4962449710041
41.9030057972458, 12.4961445554393
41.9030144170758, 12.4961424110124
41.9030051926195, 12.4961631689753
41.9029834361637, 12.4962308583999
41.9029533297461, 12.4962232851527
41.9029976218959, 12.4962060102026
41.9030479552493, 12.4961270938503
41.9031248465437, 12.4961306916735
41.9031521206199, 12.4960874118912
41.9031520618349, 12.4960873122388
41.9031520618349, 12.4960873122388
41.9031520618349, 12.4960873122388
41.9031520618349, 12.4960873122388
41.9030758887463, 12.4961454988952
41.9029878378187, 12.4962137030619
41.9030407539062, 12.4961239222144
41.9030156978493, 12.4962822327493
41.9029785739658, 12.4962464052501
41.9029892792308, 12.4961923230265
41.9029998346163, 12.4962550649308
41.9030011520094, 12.4962097073799
41.9030294335769, 12.4962075904612
41.9030157764098, 12.4962355054727
41.9030034581759, 12.4962703802701
41.9029617548798, 12.496256590235
41.90295560903, 12.4963254114797
41.9029806953074, 12.4962412110023
41.9029806953074, 12.4962412110023
41.9030148553288, 12.4962669964813
41.9030218370903, 12.4962364681001
41.9030218370903, 12.4962364681001
41.9030218370903, 12.4962364681001
41.9030218370903, 12.4962364681001
41.9030218370903, 12.4962364681001
41.9030218370903, 12.4962364681001
41.9030218370903, 12.4962364681001
41.9030218370903, 12.4962364681001
41.9030218370903, 12.4962364681001
41.9030218370903, 12.4962364681001
41.9030218370903, 12.4962364681001
41.9030218370903, 12.4962364681001
41.9030218370903, 12.4962364681001
41.9030218370903, 12.4962364681001
41.9030218370903, 12.4962364681001
41.9030218370903, 12.4962364681001
41.9030218370903, 12.4962364681001
41.9030218370903, 12.4962364681001
41.9030218370903, 12.4962364681001
41.9030230749888, 12.496199092897
41.9030230749888, 12.496199092897
41.9030230749888, 12.496199092897
41.9030230749888, 12.496199092897
41.9030230749888, 12.496199092897
41.9030230749888, 12.496199092897
41.9030230749888, 12.496199092897
41.9030230749888, 12.496199092897
41.9030230749888, 12.496199092897
41.9030230749888, 12.496199092897
41.9030230749888, 12.496199092897
41.9030230749888, 12.496199092897
41.9030230749888, 12.496199092897
41.9030230749888, 12.496199092897
41.9030230749888, 12.496199092897
41.9030230749888, 12.496199092897
41.9030230749888, 12.496199092897
41.9030230749888, 12.496199092897
41.9030230749888, 12.496199092897
41.9030230749888, 12.496199092897
41.9030230749888, 12.496199092897
41.9030230749888, 12.496199092897
41.9030230749888, 12.496199092897
41.9030230749888, 12.496199092897
41.9030230749888, 12.496199092897
41.9030230749888, 12.496199092897
41.9030230749888, 12.496199092897
41.9030230749888, 12.496199092897
41.9030230749888, 12.496199092897
41.9030230749888, 12.496199092897
41.9030230749888, 12.496199092897
41.9030236944145, 12.4961913371283
41.9030141274946, 12.4961218673007
41.9029833842002, 12.4961338516188
41.9029833842002, 12.4961338516188
41.9030166791314, 12.4961438564503
41.90301397169, 12.496122830845
41.9030295847256, 12.4961202481714
41.9029711871326, 12.496023875739
41.9023909037197, 12.4956418892055
41.9023052420892, 12.4955002408515
41.9023052420892, 12.4955002408515
41.9019683892889, 12.4949020565283
41.9029833842002, 12.4961338516188
41.9018245212605, 12.4946866189019
41.9018245212605, 12.4946866189019
41.9029833842002, 12.4961338516188
41.9018245212605, 12.4946866189019
41.9018245212605, 12.4946866189019
41.9017034389008, 12.4945091242739
41.9023266264689, 12.4940386604779
41.902709053955, 12.4936389736826
41.9035406249795, 12.4930153868659
41.9039594714966, 12.4939326297401
41.9041131542985, 12.4945777988963
41.9035526684253, 12.4953543470122
41.903490626994, 12.4958260202593
41.9035351559837, 12.4958703121819
41.9052700541752, 12.4983229220268
41.9052700541752, 12.4983229220268
41.9052700541752, 12.4983229220268
41.9057753651889, 12.4990409347702
41.9066231915992, 12.500236016256
41.9072492272018, 12.5011429367347
41.9069048469973, 12.5019037167936
41.9075287990507, 12.5028344539207
41.90811782052, 12.5036406567407
41.9082397374537, 12.5049729154035
41.9084566127744, 12.5057575635478
41.9084566127744, 12.5057575635478
41.9085717905104, 12.5062060444628
41.9090657115021, 12.5079238200419
41.9090657115021, 12.5079238200419
41.9090657115021, 12.5079238200419
41.9090657115021, 12.5079238200419
41.9090657115021, 12.5079238200419
41.9094360293712, 12.5091502704596
41.9099825037217, 12.5112101333154
41.9099825037217, 12.5112101333154
41.9101288535487, 12.5117705727774
41.9105173645016, 12.5131978857341
41.9109592115803, 12.5150569110516
41.9109087928664, 12.5158903768236
41.9109087928664, 12.5158903768236
41.9108786236813, 12.5160362372728
41.9107857329486, 12.5163075185167
41.9101937935675, 12.5183364637238
41.9098662772436, 12.5194991281496
41.9092710077533, 12.5213486593683
41.9089353846747, 12.522897326443
