41.885088943579, 12.4618181840047
41.8851333910723, 12.4610921084645
41.8851333910723, 12.4610921084645
41.8851252814666, 12.4610053989644
41.8839471057639, 12.4606658347462
41.8839535474968, 12.4587350907662
41.8839226237187, 12.4576593503126
41.8838491748831, 12.4568788532511
41.8837785878757, 12.456430065677
41.8837013612652, 12.4553826409378
41.8833275669344, 12.4556189887569
41.8829900958759, 12.4557451132679
41.8829900958759, 12.4557451132679
41.8829900958759, 12.4557451132679
41.8829900958759, 12.4557451132679
41.8829900958759, 12.4557451132679
41.8829900958759, 12.4557451132679
41.8826310106759, 12.4555859028547
41.8828488602394, 12.4549249402453
41.884255202206, 12.4554796122875
41.8850924905028, 12.4560661140771
41.8852358620967, 12.4581990430801
41.8852163971102, 12.4601514146092
41.8851901252953, 12.4607619858814
41.8851901252953, 12.4607619858814
41.8851901252953, 12.4607619858814
41.8851427501445, 12.4618073932222
41.8850134185671, 12.4622863400355
41.8850134185671, 12.4622863400355
41.8850134185671, 12.4622863400355
41.8850134185671, 12.4622863400355
41.8850134185671, 12.4622863400355
41.8849832217054, 12.4629913219495
41.8849644896131, 12.4648888424182
41.8859237211756, 12.4659550082913
41.8854197043356, 12.4664687618057
41.8837627511219, 12.4659259284968
41.8839745221618, 12.4679976422652
41.8845827590481, 12.4690406055314
41.8842299304736, 12.469719880881
41.8842299304736, 12.469719880881
41.8846955098962, 12.4705329022848
41.8849154516299, 12.4706971022202
41.8860090934876, 12.4716506634011
41.8864145200268, 12.4719966282326
41.8864145200268, 12.4719966282326
41.8872474865471, 12.4727697263013
41.8881641138297, 12.473490784463
41.8887230062381, 12.4739288925528
41.889643868994, 12.4743515184512
41.8897270052002, 12.4744340691523
41.8897270052002, 12.4744340691523
41.8897708229648, 12.4745303612711
41.8897708229648, 12.4745303612711
41.8897660406349, 12.4746288633711
41.8897593447724, 12.4745794693246
41.8897593447724, 12.4745794693246
41.8897593447724, 12.4745794693246
41.8897593447724, 12.4745794693246
41.8897593447724, 12.4745794693246
41.8897593447724, 12.4745794693246
41.8897593447724, 12.4745794693246
41.8897763356226, 12.4745017368257
41.8897763356226, 12.4745017368257
41.8897763356226, 12.4745017368257
41.8897763356226, 12.4745017368257
41.8897763356226, 12.4745017368257
41.8897763356226, 12.4745017368257
41.8897763356226, 12.4745017368257
41.8897763356226, 12.4745017368257
41.8897798600393, 12.4744843909267
41.8897798600393, 12.4744843909267
41.8897798600393, 12.4744843909267
41.8897798600393, 12.4744843909267
41.8897880508437, 12.4744736211808
41.8897583689355, 12.4744535568605
41.8898031807009, 12.4744874881703
41.8898284756334, 12.4746151171505
41.889831056165, 12.4746580133708
41.8898346929045, 12.4746695485849
41.8898346929045, 12.4746695485849
41.8898346929045, 12.4746695485849
41.8898346929045, 12.4746695485849
41.8898346929045, 12.4746695485849
41.8898346929045, 12.4746695485849
41.8898346929045, 12.4746695485849
41.8898346929045, 12.4746695485849
41.8898346929045, 12.4746695485849
41.8898346929045, 12.4746695485849
41.8898346929045, 12.4746695485849
41.8898346929045, 12.4746695485849
41.8898346929045, 12.4746695485849
41.8898346929045, 12.4746695485849
41.8898346929045, 12.4746695485849
41.8898346929045, 12.4746695485849
41.8898346929045, 12.4746695485849
41.8898346929045, 12.4746695485849
41.8898346929045, 12.4746695485849
41.8898346929045, 12.4746695485849
41.8898433120344, 12.4746523308529
41.8898433120344, 12.4746523308529
41.8898433120344, 12.4746523308529
41.8898370663635, 12.4746370737214
41.8898370663621, 12.4746370737111
41.8898370663621, 12.4746370737111
41.8898370663621, 12.4746370737111
41.8898370663621, 12.4746370737111
41.8898370663621, 12.4746370737111
41.8898303316142, 12.4746439726438
41.8898303316142, 12.4746439726438
41.8898303316142, 12.4746439726438
41.8898303316142, 12.4746439726438
41.8898303316142, 12.4746439726438
41.8898303316142, 12.4746439726438
41.8898303316142, 12.4746439726438
41.8898303316142, 12.4746439726438
41.8898303316142, 12.4746439726438
41.8898303316142, 12.4746439726438
41.8898303316142, 12.4746439726438
41.8898303316142, 12.4746439726438
41.8898303316142, 12.4746439726438
41.8898303316142, 12.4746439726438
41.8898303316142, 12.4746439726438
41.8898303316142, 12.4746439726438
41.8898303316142, 12.4746439726438
41.8898303316142, 12.4746439726438
41.8898303316142, 12.4746439726438
41.8898303316142, 12.4746439726438
41.8898303316142, 12.4746439726438
41.8898303316142, 12.4746439726438
41.8897468415766, 12.4744869329203
41.8897543606597, 12.4744387967672
41.8897729858551, 12.4744690531727
41.8897476704628, 12.4744760067195
41.8896997173218, 12.4743249504948
41.889621171252, 12.4744365189514
41.8896376934999, 12.4744837858733
41.8896856144247, 12.4745086905438
41.8896965140154, 12.4745063251356
41.8896965140154, 12.4745063251356
41.8897039318427, 12.4744920855199
41.8898007701471, 12.4744006832558
41.8897406529528, 12.4743534867525
41.8897365969715, 12.4743600222901
41.8897553802288, 12.4743979197802
41.8897474167524, 12.4744099287652
41.8897163335444, 12.474361821241
41.8897458308421, 12.4743049194625
41.8897134890181, 12.4743800586794
41.8897087872663, 12.4744220717056
41.889751707363, 12.4743626272293
41.8897561629022, 12.4744244590259
41.889748751652, 12.4745093147932
41.8897890954668, 12.4743863388588
41.8897973541861, 12.4744192244026
41.8897947357016, 12.4744277701215
41.889763600081, 12.4744287879928
41.8897961968572, 12.4743951359209
41.8898221307719, 12.4743808822508
41.8898339186152, 12.474288439019
41.8898604574388, 12.4742990310408
41.8897238770451, 12.4743792054926
41.8897596809656, 12.4743252224599
41.8897123591833, 12.4743556215083
41.8897066064356, 12.4743071598796
41.8897178748696, 12.4743283205129
41.8897260694034, 12.4743246149988
41.889754027846, 12.4743478058754
41.889695471654, 12.4743978953841
41.8897319615744, 12.4744416374731
41.8897707124794, 12.474507272477
41.889754630848, 12.4744773565447
41.8897995260307, 12.4745102117766
41.8897995260354, 12.4745102117806
41.8897825350726, 12.4744946830455
41.8897712484056, 12.4744713427827
41.889768342092, 12.4744446381728
41.8896417847552, 12.4745021865686
41.889747280194, 12.4745448318797
41.8897472802094, 12.4745448318615
41.8897868469795, 12.474459158718
41.8899222371036, 12.4742797806693
41.8906770827158, 12.4745614498518
41.8910483918744, 12.4745804238558
41.891241081674, 12.4745907102659
41.891241081674, 12.4745907102659
41.8917993095091, 12.4746339753956
41.8925207314455, 12.4748771700367
41.8928426734441, 12.4750785834464
41.8938025225483, 12.4758244193498
41.8949184378774, 12.4766940259333
41.8949729020889, 12.4785711495997
41.8950100336568, 12.4802953422339
