41.8994678751456, 12.4913853685975
41.8984727979456, 12.4898566473642
41.8973068106251, 12.4880040126659
41.8964160708614, 12.4866619483399
41.8965194247464, 12.4853555779563
41.8972062837973, 12.4846014501582
41.8969927638003, 12.484110821475
41.8967678313997, 12.4836674939077
41.8966236611477, 12.4827128540105
41.8963654724261, 12.4811132180329
41.8960000453031, 12.4795451244756
41.8958253098198, 12.4776986556604
41.8959599422335, 12.4767856688758
41.8959599422335, 12.4767856688758
41.895821767882, 12.47645548349
41.8946265826556, 12.4763159846577
41.8933817867811, 12.4755568420811
41.892854125778, 12.4750460535758
41.8921866272921, 12.4747241539755
41.8919509108653, 12.47455404599
41.8919509108653, 12.47455404599
41.8914340013804, 12.474598329893
41.8902054064221, 12.4743495808932
41.8902054064221, 12.4743495808932
41.8897943270181, 12.474502679364
41.8897943270181, 12.474502679364
41.8897943270181, 12.474502679364
41.8897943270181, 12.474502679364
41.8897943270181, 12.474502679364
41.8897943270181, 12.474502679364
41.8897943270181, 12.474502679364
41.8897943270181, 12.474502679364
41.8897943270181, 12.474502679364
41.8897943270181, 12.474502679364
41.8897943270181, 12.474502679364
41.8897943270181, 12.474502679364
41.8897943270181, 12.474502679364
41.8897943270181, 12.474502679364
41.8897943270181, 12.474502679364
41.8897943270181, 12.474502679364
41.8897943270181, 12.474502679364
41.8897943270181, 12.474502679364
41.8897943270181, 12.474502679364
41.8897943270181, 12.474502679364
41.8897592540705, 12.4744492327554
41.8897592540705, 12.4744492327554
41.8897592540705, 12.4744492327554
41.8897592540705, 12.4744492327554
41.8897592540705, 12.4744492327554
41.8897380934081, 12.4744342972201
41.8897143090483, 12.4744306629304
41.8897143090483, 12.4744306629304
41.8897143090483, 12.4744306629304
41.8897143090483, 12.4744306629304
41.8897143090483, 12.4744306629304
41.8897143090483, 12.4744306629304
41.8897143090483, 12.4744306629304
41.8897143090483, 12.4744306629304
41.8897143090483, 12.4744306629304
41.8897143090483, 12.4744306629304
41.8897143090483, 12.4744306629304
41.8897143090483, 12.4744306629304
41.8897143090483, 12.4744306629304
41.8897143090483, 12.4744306629304
41.8897143090483, 12.4744306629304
41.8897143090483, 12.4744306629304
41.8897143090483, 12.4744306629304
41.8897143090483, 12.4744306629304
41.8897143090483, 12.4744306629304
41.8897143090483, 12.4744306629304
41.8897143090483, 12.4744306629304
41.8897143090483, 12.4744306629304
41.8897143090483, 12.4744306629304
41.8897143090483, 12.4744306629304
41.8897143090483, 12.4744306629304
41.8897143090483, 12.4744306629304
41.8897143090483, 12.4744306629304
41.8897143090483, 12.4744306629304
41.8897143090483, 12.4744306629304
41.8897143090483, 12.4744306629304
41.8897143090483, 12.4744306629304
41.8897143090483, 12.4744306629304
41.8897143090483, 12.4744306629304
41.8897143090483, 12.4744306629304
41.8897143090483, 12.4744306629304
41.8897143090483, 12.4744306629304
41.8897143090483, 12.4744306629304
41.8897143090483, 12.4744306629304
41.8897182616619, 12.4744054953575
41.8897182616659, 12.4744054953454
41.890059248832, 12.4742704967961
41.8902238861283, 12.4743517099679
41.8902238861283, 12.4743517099679
41.8902534088229, 12.47435923343
41.8917734061879, 12.473766948901
41.8917734061879, 12.473766948901
41.8917734061879, 12.473766948901
41.8917734061879, 12.473766948901
41.8928151222525, 12.471073656084
41.8943189062554, 12.4692143541117
41.8958300417257, 12.4672939706573
41.8962261860719, 12.4661114059346
41.8958590679491, 12.4655707584976
41.8958590679491, 12.4655707584976
41.8947035377673, 12.4666041201939
41.8947035377673, 12.4666041201939
41.8947035377673, 12.4666041201939
41.8944525200728, 12.4668859368463
41.8927451549324, 12.4691745869343
41.8916554685615, 12.4705725154645
41.8903916973135, 12.4734869477134
