41.9021640411099, 12.4808989406828
41.9020866395843, 12.4806815445435
41.9020291076531, 12.4805508940031
41.9020291076531, 12.4805508940031
41.9020291076531, 12.4805508940031
41.9020291076531, 12.4805508940031
41.9020291076531, 12.4805508940031
41.9020291076531, 12.4805508940031
41.9020291076531, 12.4805508940031
41.9020291076531, 12.4805508940031
41.9020291076531, 12.4805508940031
41.90198575749, 12.4805491660917
41.9019750935561, 12.4805358263496
41.9019603112406, 12.4806253776416
41.9019427092859, 12.4806172015983
41.9019468176303, 12.4806186052322
41.9019468176303, 12.4806186052322
41.9019468176303, 12.4806186052322
41.9019468176303, 12.4806186052322
41.9019468176303, 12.4806186052322
41.9020004044101, 12.4805051399817
41.9020039871455, 12.4805061066149
41.9019977371575, 12.480485548121
41.9019606897231, 12.4804970493101
41.901937562499, 12.4805447213857
41.9019160217282, 12.4805093384188
41.9019362257796, 12.4805408795559
41.9018901442118, 12.4805907568551
41.9018901442118, 12.4805907568551
41.9018904375272, 12.4806110053325
41.9018904375272, 12.4806110053325
41.9018904375272, 12.4806110053325
41.9018904375272, 12.4806110053325
41.9018904375272, 12.4806110053325
41.9018904375272, 12.4806110053325
41.9018706568326, 12.4806809125795
41.9018667862652, 12.4806955280263
41.9018682590603, 12.4807832437995
41.9018797048725, 12.4808914528407
41.901878011513, 12.4808568455998
41.9018631057024, 12.4807748916166
41.9018126113171, 12.4806287903449
41.9018080650379, 12.4805476445944
41.9018501758525, 12.4805886688773
41.9018323564027, 12.4805770924915
41.9018460266242, 12.4805657716388
41.9018470036271, 12.4805676484477
41.9018470036271, 12.4805676484477
41.901859378077, 12.4806293757401
41.9018581624496, 12.4806616634668
41.9018581624496, 12.4806616634668
41.9018581624496, 12.4806616634668
41.9018581624496, 12.4806616634668
41.9018581624496, 12.4806616634668
41.9018581624496, 12.4806616634668
41.9018581624496, 12.4806616634668
41.9018565263463, 12.4806564564949
41.9018565263463, 12.4806564564949
41.9018592085065, 12.4806689082138
41.9018596193757, 12.4806807220177
41.9018596193757, 12.4806807220177
41.9018596193757, 12.4806807220177
41.9018594743186, 12.4806937702744
41.9018638629411, 12.4807488606289
41.9018461826832, 12.4807354618443
41.9018461826832, 12.4807354618443
41.9018461826832, 12.4807354618443
41.9018461826832, 12.4807354618443
41.9018461826832, 12.4807354618443
41.9018461826832, 12.4807354618443
41.9018461826832, 12.4807354618443
41.9018461826832, 12.4807354618443
41.9018461826832, 12.4807354618443
41.9018461826832, 12.4807354618443
41.9018461826832, 12.4807354618443
41.9018461826832, 12.4807354618443
41.9018461826832, 12.4807354618443
41.9018461826832, 12.4807354618443
41.9018461826832, 12.4807354618443
41.9018461826832, 12.4807354618443
41.9018461826832, 12.4807354618443
41.9018461826832, 12.4807354618443
41.9018461826832, 12.4807354618443
41.9018461826832, 12.4807354618443
41.9018177129148, 12.4805849073034
41.901803033242, 12.4805503731953
41.901803033242, 12.4805503731953
41.901803033242, 12.4805503731953
41.901803033242, 12.4805503731953
41.901803033242, 12.4805503731953
41.901803033242, 12.4805503731953
41.901803033242, 12.4805503731953
41.901803033242, 12.4805503731953
41.901803033242, 12.4805503731953
41.901803033242, 12.4805503731953
41.901803033242, 12.4805503731953
41.901803033242, 12.4805503731953
41.901803033242, 12.4805503731953
41.901803033242, 12.4805503731953
41.901803033242, 12.4805503731953
41.901803033242, 12.4805503731953
41.901803033242, 12.4805503731953
41.9017600563456, 12.4806940822013
41.9017279809854, 12.4806593991709
41.9017334175086, 12.4806529311686
41.9016807325798, 12.4807106380598
41.9017039217608, 12.4807122400803
41.901788874765, 12.4807749871429
41.9017885181466, 12.4807510810981
41.9017697303417, 12.4807417813772
41.9017697303379, 12.4807417813739
41.9017697303379, 12.4807417813739
41.9017697303379, 12.4807417813739
41.9017697303379, 12.4807417813739
41.901799966366, 12.4808427433369
41.9017127835313, 12.4808575909691
41.9017165680532, 12.4809513813004
41.9017389378807, 12.4809010566205
41.9017221824366, 12.4807956234714
41.901701050133, 12.4807344298787
41.9017015491997, 12.4807314493085
41.9016227221892, 12.4806219990437
41.9017022066411, 12.4806413452532
41.9017311429106, 12.4805363548839
41.9016621178238, 12.4805024286063
41.9016429837199, 12.4805964788802
41.9016620894061, 12.4806566361348
41.9016641623107, 12.4807474252586
41.9016822772773, 12.4807357130088
41.9017336881198, 12.4807394109646
41.9016875228403, 12.4807394669767
41.9016708669053, 12.4807074635885
41.9016546238541, 12.4806710393396
41.9016357630766, 12.4807172666381
41.9016305442489, 12.4807471965238
41.9016429790219, 12.480725683156
41.9016583018777, 12.4806772354297
41.9016270203892, 12.4807204731883
41.9017794546388, 12.4810056533019
41.9019714980104, 12.4812953271991
41.9021766887227, 12.4812053353623
41.9021279993315, 12.4809371990313
41.9020416252864, 12.4806400510836
41.902008587634, 12.4805415541449
41.9019433464371, 12.480365311835
41.9018718797605, 12.4802011343022
41.9009596109209, 12.4804923669129
41.9006419521707, 12.4806692180176
41.9002335929322, 12.4809984031803
41.8994982263532, 12.4812600150245
41.8987401859604, 12.4815356745398
41.8978670831872, 12.481876573235
41.8972772891234, 12.4823187266552
41.8971072499118, 12.4822172539677
41.8965984806419, 12.4818645107235
41.8962768436993, 12.4800579341743
41.8959958642652, 12.4783499330045
41.8960746257712, 12.4778941370365
41.8961035568667, 12.4766735731258
41.896511853691, 12.4749289882066
41.8967613628358, 12.4732221325838
41.8972207983442, 12.4717546308478
41.8976776759084, 12.4698669952358
41.8977833828157, 12.4691633107572
41.898119739445, 12.468360137347
41.898119739445, 12.468360137347
41.8983427670059, 12.4680434480216
41.8990760689653, 12.4670473455427
41.8996132229453, 12.4663368985654
41.9000913047528, 12.4658010689521
41.9003277505045, 12.4655047808563
41.9005087430694, 12.4652850865226
41.9005087430694, 12.4652850865226
41.9005087430694, 12.4652850865226
41.9005087430694, 12.4652850865226
41.9005087430694, 12.4652850865226
41.900528051306, 12.4651572504736
41.9011316641263, 12.4642480171289
41.9018885531639, 12.4633754464931
41.90237955855, 12.4624159266826
41.9023537559943, 12.4600527024615
41.9023634300336, 12.4587351682424
41.9024524297422, 12.4584490444149
41.903085495727, 12.458199527006
41.9034208154551, 12.4586262941801
41.9039213336091, 12.4587068134844
41.9050077571994, 12.4588686793123
41.9053806704848, 12.4588516824872
41.9056323942476, 12.4588904564636
41.9056323942476, 12.4588904564636
41.9056323942476, 12.4588904564636
41.9057159492166, 12.4588962126492
41.9057159492166, 12.4588962126492
41.9057159492166, 12.4588962126492
41.9061156277305, 12.4588232650704
41.9065004488839, 12.4581274530719
41.9065004488839, 12.4581274530719
41.9065207186863, 12.457848478561
41.9064642747528, 12.4567057828074
41.9063836663502, 12.455903079464
