41.9003310595902, 12.4937424408385
41.9005096147896, 12.4934364102469
41.9005096147896, 12.4934364102469
41.9005959518887, 12.4932626631932
41.9006184733211, 12.4932124796001
41.9001631505187, 12.492342826732
41.8998099062422, 12.4917263028224
41.8993704474998, 12.4909936327627
41.8992364446226, 12.4898447151287
41.8999918981978, 12.4890161133401
41.9024793344077, 12.4860343981203
41.9033024585319, 12.4850030724766
41.903498362858, 12.4847709515609
41.9037442404644, 12.4845272260816
41.9042809190112, 12.4838685850181
41.9048765866569, 12.4831746889122
41.9048765866569, 12.4831746889122
41.9048765866569, 12.4831746889122
41.9048765866569, 12.4831746889122
41.9048423988305, 12.4831191247279
41.9048423988305, 12.4831191247279
41.9048423988305, 12.4831191247279
41.9048423988305, 12.4831191247279
41.9048423988305, 12.4831191247279
41.9048423988305, 12.4831191247279
41.9048423988305, 12.4831191247279
41.9048423988305, 12.4831191247279
41.9048423988305, 12.4831191247279
41.9048423988305, 12.4831191247279
41.9048423988305, 12.4831191247279
41.9048423988305, 12.4831191247279
41.9048423988305, 12.4831191247279
41.9048423988305, 12.4831191247279
41.9048423988305, 12.4831191247279
41.9048423988305, 12.4831191247279
41.9047827274838, 12.4829503434223
41.9047656188362, 12.4828828252848
41.9047656188362, 12.4828828252848
41.9047656188362, 12.4828828252848
41.9047656188362, 12.4828828252848
41.9047656188362, 12.4828828252848
41.9047656188362, 12.4828828252848
41.9047656188362, 12.4828828252848
41.9047656188362, 12.4828828252848
41.9047656188362, 12.4828828252848
41.9047656188362, 12.4828828252848
41.9047656188362, 12.4828828252848
41.9047656188362, 12.4828828252848
41.9047656188362, 12.4828828252848
41.9047656188362, 12.4828828252848
41.9047656188362, 12.4828828252848
41.9047656188362, 12.4828828252848
41.9047656188362, 12.4828828252848
41.9047656188362, 12.4828828252848
41.9048924059156, 12.4828444672217
41.9048061805035, 12.4828277666215
41.9047406812212, 12.4827989812313
41.9047285602127, 12.4827686152646
41.9047522084572, 12.4827332298229
41.9047741187495, 12.4827211242105
41.9048252831827, 12.4828263033103
41.9048423288442, 12.482871333148
41.9048432651854, 12.4827145715444
41.9048342789911, 12.4828495731929
41.9048423722954, 12.482919488317
41.9048263239445, 12.4828919772341
41.9047772815404, 12.4828390913968
41.9047406184734, 12.4828268223076
41.9047903121118, 12.4828305921247
41.9047843859506, 12.4828042269002
41.9047861083393, 12.4828266396392
41.9048056027657, 12.4828029266589
41.904826435116, 12.4827482217265
41.9048992957194, 12.4828141473468
41.9048571725038, 12.482866146884
41.9040693819109, 12.4832828948786
41.9040693819109, 12.4832828948786
41.9036591350899, 12.4833769085553
41.9035166885858, 12.4827086783608
41.9032856300115, 12.4820767753386
41.9030091144275, 12.4814151614509
41.9027389762083, 12.4806564755967
41.9026155627121, 12.480160892282
41.9025353315722, 12.4799475066146
41.9025353315722, 12.4799475066146
41.9025353315722, 12.4799475066146
41.9024452651126, 12.4795397097191
41.9022816697886, 12.4783377997868
41.9025156097914, 12.4775012258774
41.9024052414349, 12.476627141447
41.9022485851728, 12.4759187656105
41.9025604257582, 12.4756494162047
41.9028494851138, 12.4752963244642
41.9028352990308, 12.4745564480301
41.9032318362737, 12.4741540684617
41.9038967093021, 12.4745950602626
41.9047184121861, 12.4749632322723
41.9050459323007, 12.4740141228114
41.9051036943114, 12.4732144671553
41.9050888867449, 12.4721411664943
41.9052777057776, 12.4710430293421
41.9060520657784, 12.4705620980459
41.9064305988744, 12.4705405867167
41.9071741164782, 12.4708201258126
41.9072808729322, 12.4709243137192
41.9072919063214, 12.4709338649999
41.9072919063214, 12.4709338649999
41.9072919063214, 12.4709338649999
41.9077602686642, 12.4708710477132
41.9079672370572, 12.4709201210042
41.9081128549113, 12.471009453974
41.9085686746144, 12.4711239925063
41.9093082788097, 12.4706650983548
41.9091513855613, 12.4699890726923
41.9088442696049, 12.4691948518058
41.9087437463745, 12.4684420235913
41.9088345682272, 12.4676539194335
41.9099432731621, 12.4670220952549
41.9103484770092, 12.4679237114536
41.9105636607904, 12.4693484629473
41.9100966775592, 12.4701816221177
