41.8881197182892, 12.4834070165376
41.8887054147675, 12.4823993514611
41.8894348060041, 12.4811802908536
41.8909679982535, 12.4805582642231
41.8923973057127, 12.4804887014315
41.8930390157584, 12.4811336847097
41.8934830275442, 12.4816991173463
41.894037559109, 12.4819514895037
41.8947787082427, 12.4821010160502
41.895158500091, 12.4821249832388
41.8957632804088, 12.48275501367
41.8965617574286, 12.4824142081729
41.8968524009891, 12.482125696511
41.8974099588746, 12.4819741479667
41.8980279054401, 12.4817397518275
41.8989464491734, 12.4813362301401
41.8998389263052, 12.4810373164314
41.9002129000694, 12.4809001085336
41.900740625336, 12.4806794277702
41.9015494743319, 12.4806584931623
41.9015494743319, 12.4806584931623
41.9015494743319, 12.4806584931623
41.9020151879558, 12.4818726339867
41.9023300977921, 12.4831536896597
41.9026221138543, 12.4846555445663
41.9027299720216, 12.4851509815177
41.9027299720216, 12.4851509815177
41.902761424107, 12.4853241375073
41.903256755672, 12.4872930425819
41.903384309153, 12.4879299652409
41.903384309153, 12.4879299652409
41.903384309153, 12.4879299652409
41.9033858544674, 12.4881696313026
41.904049539913, 12.4888509549892
41.9052750433734, 12.4880211957297
41.9060624276393, 12.489387927283
41.9061814627521, 12.4898494005867
41.9061814627521, 12.4898494005867
41.9061814627521, 12.4898494005867
41.9062354880655, 12.4901253754636
41.9062354880655, 12.4901253754636
41.9062354880655, 12.4901253754636
41.906250708053, 12.4901583727443
41.9071006267717, 12.4901613369477
41.9071006267717, 12.4901613369477
41.9071006267717, 12.4901613369477
41.9073675490736, 12.4900763484951
41.9078223567882, 12.4917243001349
41.9079960223926, 12.4920083810805
41.9079841363126, 12.4919621782721
41.907981515659, 12.4919319276853
41.907981515659, 12.4919319276853
41.907981515659, 12.4919319276853
41.907981515659, 12.4919319276853
41.907981515659, 12.4919319276853
41.907981515659, 12.4919319276853
41.907981515659, 12.4919319276853
41.907981515659, 12.4919319276853
41.907981515659, 12.4919319276853
41.907981515659, 12.4919319276853
41.907981515659, 12.4919319276853
41.907981515659, 12.4919319276853
41.9079393341079, 12.4916677774891
41.9079393341079, 12.4916677774891
41.9079393341079, 12.4916677774891
41.9078641618353, 12.491395006422
41.9078271859923, 12.4911786354893
41.9078271859923, 12.4911786354893
41.9077816478253, 12.4911367003536
41.9077462681302, 12.4910990447944
41.907751784894, 12.4910187113169
41.907740406361, 12.4910617827458
41.9077874344611, 12.4911275784822
41.9078258858517, 12.4911826126347
41.9077754910655, 12.491174672289
41.9077501972848, 12.4911506352581
41.9077745851812, 12.4911854651273
41.9078211775476, 12.491155539022
41.9079113415778, 12.4911223417704
41.9078835625318, 12.4910856590899
41.9078739508546, 12.4910921053165
41.9078476314916, 12.4911070745764
41.907834965113, 12.4911237412503
41.9077610456679, 12.4910176949878
41.907700172663, 12.4909289664357
41.9076484914763, 12.4909301463975
41.9077232247503, 12.490950235012
41.9077056012923, 12.4908886225459
41.9076522926463, 12.4906315840215
41.9076029482755, 12.4906152025145
41.9075854805385, 12.4906206954349
41.9076246228584, 12.4906524835722
41.9076510234629, 12.4907179408228
41.9076564131699, 12.4906472677996
41.9076240600344, 12.4905295384255
41.907645991013, 12.4905236460735
41.9077117652287, 12.490637899401
41.9076491082497, 12.490651752662
41.9076686534846, 12.4907391784482
41.9076429839785, 12.4906837322533
41.9076257457423, 12.4906530123152
41.907690357385, 12.4907245089104
41.9077250959249, 12.490701320957
41.9077253177823, 12.4906752390125
41.9076611424879, 12.4906285079838
41.9076506570157, 12.4906714257516
41.9076476589587, 12.4906953817718
41.9076799301034, 12.4907223694203
41.9076668647587, 12.4906911514463
41.9075836906455, 12.4906739632961
41.9075652408506, 12.4906513327253
41.9075352923641, 12.4906284474956
41.9075637024491, 12.4905630744393
41.9076160554435, 12.4906241523039
41.9076471545909, 12.4906835234198
41.9076811392139, 12.490745606869
41.907627690827, 12.4906849903722
41.9076057137401, 12.490654516343
41.9076151339742, 12.4905463254204
41.9075667836849, 12.4905894176634
41.90757786681, 12.4906726927636
41.907600961162, 12.4907203393883
41.907600961162, 12.4907203393883
41.907600961162, 12.4907203393883
41.907600961162, 12.4907203393883
41.9075971357345, 12.4907221171314
41.9075716087455, 12.4907468685894
41.9075789357398, 12.4906707894197
41.9076230928945, 12.4906479013359
41.9076386651678, 12.4906547321767
41.9076332656817, 12.4906732657912
41.907645275737, 12.4906354830254
41.9076630499533, 12.4906106919077
41.9076986482041, 12.4905650127223
41.907713875209, 12.490564799427
41.9077222653069, 12.4905575090441
41.9076023819582, 12.4905436837401
41.9075002088882, 12.4906443089114
41.9075661603925, 12.4906485516514
41.9075935384271, 12.490585718239
41.9076888989661, 12.4906617391415
41.907617051534, 12.4906600209995
41.9075984748704, 12.4906780302275
41.9075984748704, 12.4906780302275
41.9075984748704, 12.4906780302275
41.9075984748704, 12.4906780302275
41.9075984748704, 12.4906780302275
41.9075984748704, 12.4906780302275
41.9075984748704, 12.4906780302275
41.9075984748704, 12.4906780302275
41.9075984748704, 12.4906780302275
41.9075984748704, 12.4906780302275
41.9075984748704, 12.4906780302275
41.9075984748704, 12.4906780302275
41.9075984748704, 12.4906780302275
41.9075984748704, 12.4906780302275
41.9075984748704, 12.4906780302275
41.9075984748704, 12.4906780302275
41.9075826476728, 12.4906138562833
41.9075819798737, 12.4906009411587
41.9075819798737, 12.4906009411587
41.9075819798737, 12.4906009411587
41.9075833244959, 12.4906050557289
41.9075872011177, 12.4906091811029
41.9075872011177, 12.4906091811029
41.9075872011177, 12.4906091811029
41.9075872011177, 12.4906091811029
41.9075872011177, 12.4906091811029
41.9075872011177, 12.4906091811029
41.9075917234817, 12.4905987666083
41.9075917234817, 12.4905987666083
41.9075957752781, 12.4905926190868
41.9075787366971, 12.4904785303852
41.9075787366971, 12.4904785303852
41.9075787366971, 12.4904785303852
41.9075787366971, 12.4904785303852
41.9075787366971, 12.4904785303852
41.9075787366971, 12.4904785303852
41.9075787366971, 12.4904785303852
41.9075787366971, 12.4904785303852
41.9075787366971, 12.4904785303852
41.9075787366971, 12.4904785303852
41.9075787366971, 12.4904785303852
41.9075136094935, 12.4905392021849
41.9075623210286, 12.4904828462777
41.9075923536635, 12.490446834034
41.9075959601939, 12.4904448408487
41.9075959601939, 12.4904448408487
41.9075959601939, 12.4904448408487
41.9075959601939, 12.4904448408487
41.9075959601939, 12.4904448408487
41.9075959601939, 12.4904448408487
41.9075029779469, 12.4905411532782
41.9075355521743, 12.4905102392651
41.9075640719614, 12.4904740154596
41.9075505947808, 12.4904884394467
41.9074998278105, 12.4902882524381
41.9074921985306, 12.4902941081491
41.9074711239816, 12.490301957761
41.9074753347537, 12.4903040054911
41.90751449228, 12.49030946081
41.90760106152, 12.4903109507601
41.9076417258644, 12.4903028827708
41.9076174375229, 12.4902839707878
41.9076174375229, 12.4902839707878
41.9076174375229, 12.4902839707878
41.9076174375229, 12.4902839707878
41.9076174375229, 12.4902839707878
41.9076174375229, 12.4902839707878
41.9075047375798, 12.4902857217143
41.9074784968943, 12.4902923405838
41.907493679295, 12.4902668172003
41.9074906543489, 12.4903425312197
41.9074787975427, 12.4903405599678
41.9074620614918, 12.49030801565
41.9074802690244, 12.4903165033145
41.9074802690244, 12.4903165033145
41.9074802690244, 12.4903165033145
41.9074802690244, 12.4903165033145
41.9074802690244, 12.4903165033145
41.9074802690244, 12.4903165033145
41.9074802690244, 12.4903165033145
41.9074802690244, 12.4903165033145
41.9074802690244, 12.4903165033145
41.9074837884825, 12.4903130361762
41.9077435338329, 12.489658058213
41.9083271264613, 12.48921488668
41.909273740309, 12.4885031834545
41.909273740309, 12.4885031834545
41.9094783826893, 12.4885655120253
