41.9077050191024, 12.490805335484
41.9076370847167, 12.4904506913533
41.9076370847167, 12.4904506913533
41.9076370847167, 12.4904506913533
41.9076370847167, 12.4904506913533
41.9076370847167, 12.4904506913533
41.9076370847167, 12.4904506913533
41.9076370847167, 12.4904506913533
41.9076370847167, 12.4904506913533
41.9076370847167, 12.4904506913533
41.9076370847167, 12.4904506913533
41.9076370847167, 12.4904506913533
41.9076370847167, 12.4904506913533
41.9076370847167, 12.4904506913533
41.9076370847167, 12.4904506913533
41.9076370847167, 12.4904506913533
41.9076370847167, 12.4904506913533
41.9076370847167, 12.4904506913533
41.9076370847167, 12.4904506913533
41.9076370847167, 12.4904506913533
41.9076370847167, 12.4904506913533
41.9076257404521, 12.4904276735653
41.9076257404521, 12.4904276735653
41.9076257404521, 12.4904276735653
41.9076257404521, 12.4904276735653
41.9076257404521, 12.4904276735653
41.9076257404521, 12.4904276735653
41.9076257404521, 12.4904276735653
41.9076257404521, 12.4904276735653
41.9076257404521, 12.4904276735653
41.9076257404521, 12.4904276735653
41.9076179746891, 12.4904181891094
41.9076179746891, 12.4904181891094
41.9076179746891, 12.4904181891094
41.9076312312507, 12.4904187841695
41.9076332265418, 12.4904157333838
41.9076348698412, 12.4904076430206
41.9075979203537, 12.4903361523386
41.9075979203537, 12.4903361523386
41.9076074593567, 12.4903184413936
41.9076271439686, 12.4902775233931
41.9076336451481, 12.4902709366675
41.9076337393511, 12.4902750789939
41.9076399246263, 12.4903030939887
41.9076520633625, 12.4903076301014
41.9076568448078, 12.4902835867075
41.9076568448078, 12.4902835867075
41.907676771621, 12.4902935095233
41.9077320569737, 12.4902691201256
41.907732056977, 12.4902691201213
41.9077380798564, 12.4902619149089
41.9077380762681, 12.4902618902322
41.9077380762681, 12.4902618902322
41.9077380762681, 12.4902618902322
41.9077380762681, 12.4902618902322
41.9077380762681, 12.4902618902322
41.9077380762681, 12.4902618902322
41.9077380762681, 12.4902618902322
41.9077380762681, 12.4902618902322
41.9077380762681, 12.4902618902322
41.9077380762681, 12.4902618902322
41.9077380762681, 12.4902618902322
41.9077380762681, 12.4902618902322
41.9077380762681, 12.4902618902322
41.9077380762681, 12.4902618902322
41.9077380762681, 12.4902618902322
41.9077380762681, 12.4902618902322
41.9075453139761, 12.4901756085958
41.9075453139761, 12.4901756085958
41.9075923158824, 12.4901352995067
41.9076203193354, 12.4901446902062
41.9076270639839, 12.49013468234
41.9076270639839, 12.49013468234
41.9076270639839, 12.49013468234
41.9076270639839, 12.49013468234
41.9076328768477, 12.4901310133858
41.9076328768477, 12.4901310133858
41.9076482824875, 12.4899947938156
41.907658396762, 12.4899970418538
41.9076824802093, 12.4899902771352
41.9076510626381, 12.4899531867293
41.9076499850302, 12.4899415454914
41.9075750471614, 12.4900217902192
41.9075712557652, 12.490037014898
41.9075579829967, 12.4900674715264
41.9075391604009, 12.4900902513614
41.9075391604009, 12.4900902513614
41.9074815016887, 12.4901330804875
41.9074707421549, 12.4901359392821
41.9074467902751, 12.490150670961
41.9074467902751, 12.490150670961
41.9074867728128, 12.4901207220511
41.9074570332905, 12.490092915718
41.9073970445095, 12.4900728042758
41.9073807688778, 12.4900755775728
41.9073702897728, 12.4900694305957
41.9073702001265, 12.4900694302742
41.9073689525013, 12.4900633832032
41.9073582505384, 12.4900654587709
41.9073582505384, 12.4900654587709
41.9073582505384, 12.4900654587709
41.9073582505384, 12.4900654587709
41.9073526058917, 12.4900639437389
41.9074205389945, 12.4901026275303
41.9074216797762, 12.4901208237093
41.9074258759025, 12.4901292001882
41.9074208665525, 12.4901530057219
41.9074251265467, 12.4901157706793
41.9074211530313, 12.4901220109715
41.9074211530313, 12.4901220109715
41.9074211530313, 12.4901220109715
41.9073081899409, 12.4901717201786
41.9072691421903, 12.4901823794008
41.9073501392528, 12.4901996259128
41.9073569614942, 12.4901980477103
41.9073576855395, 12.490185244753
41.9073552647766, 12.4901776506165
41.9073552647766, 12.4901776506165
41.9073707868559, 12.4901822968017
41.9073707868559, 12.4901822968017
41.9073961022274, 12.4901772536434
41.9073961022274, 12.4901772536434
41.9073961022274, 12.4901772536434
41.9073961022274, 12.4901772536434
41.9074103449681, 12.4901599088634
41.9074419940797, 12.4901499703072
41.9074568405174, 12.490158989123
41.9074671261605, 12.4901708815028
41.9074671261605, 12.4901708815028
41.9074671261605, 12.4901708815028
41.9074787189973, 12.4901804068432
41.9075444316874, 12.4901816152165
41.9074946431434, 12.4901951190838
41.9074004019471, 12.4902376607016
41.9073907606078, 12.4902481368397
41.907423682333, 12.4902714673965
41.9074236823665, 12.4902714673935
41.9074236823665, 12.4902714673935
41.9074325521091, 12.49025791693
41.9074325521091, 12.49025791693
41.9074325521091, 12.49025791693
41.9074380139382, 12.4902616876149
41.9074380139382, 12.4902616876149
41.9074835740868, 12.4902320624008
41.9074837779897, 12.4902320984049
41.9074837779897, 12.4902320984049
41.9074837779897, 12.4902320984049
41.9074837779897, 12.4902320984049
41.9074653566613, 12.4902019902375
41.9074653566613, 12.4902019902375
41.9073501844549, 12.4901445292016
41.907323548453, 12.4901488058604
41.9072740487925, 12.4901074661783
41.9072575567404, 12.490076486007
41.9071960917515, 12.4899753648186
41.9071942144918, 12.4899766946269
41.9071761497325, 12.4900584024245
41.9071761497325, 12.4900584024245
41.9071761497325, 12.4900584024245
41.9071998840087, 12.4900535603285
41.9073092602695, 12.4901322037607
41.9073929751052, 12.4901604171625
41.9073932055816, 12.4901604989952
41.9074075003943, 12.4901575494792
41.9074075003943, 12.4901575494792
41.9074075003943, 12.4901575494792
41.9075175459129, 12.4901797969112
41.9075488716313, 12.4901843701277
41.9075488716313, 12.4901843701277
41.9075488716313, 12.4901843701277
41.9075488716313, 12.4901843701277
41.9075488716313, 12.4901843701277
41.9075488716313, 12.4901843701277
41.9076165271371, 12.4900696108128
41.9076165285864, 12.4900696098807
41.9076379411212, 12.490070822035
41.907637941119, 12.4900708220354
41.9076172114463, 12.4900650549952
41.9075902736003, 12.4900464293432
41.9075169642276, 12.490017125263
41.9075169642276, 12.490017125263
41.9075169642276, 12.490017125263
41.9075169642276, 12.490017125263
41.9075169642276, 12.490017125263
41.9075169642276, 12.490017125263
41.9074829058594, 12.4900348613688
41.9074829058594, 12.4900348613688
41.9074829058594, 12.4900348613688
41.9074829058594, 12.4900348613688
41.9074829058594, 12.4900348613688
41.9074829058594, 12.4900348613688
41.9074700079257, 12.4900352561661
41.907445396992, 12.4900344221178
41.907445396992, 12.4900344221178
41.9074276537569, 12.4900154835151
41.907428778653, 12.4900234841816
41.907428778653, 12.4900234841816
41.9074288217488, 12.4900235328213
41.9074288217488, 12.4900235328213
41.9074288217488, 12.4900235328213
41.9074288217488, 12.4900235328213
41.9074288217488, 12.4900235328213
41.9074288217488, 12.4900235328213
41.9074288217488, 12.4900235328213
41.9074288217488, 12.4900235328213
41.9074288217488, 12.4900235328213
41.9074288217488, 12.4900235328213
41.9074535632377, 12.4900138410559
41.9074535632377, 12.4900138410559
41.9074535632377, 12.4900138410559
41.9074592780263, 12.4900111045141
41.9074592780263, 12.4900111045141
41.9074597038504, 12.4900038610444
41.9074597038504, 12.4900038610444
41.9074597038504, 12.4900038610444
41.9074597038504, 12.4900038610444
41.9074597038504, 12.4900038610444
41.9074597038504, 12.4900038610444
41.9074597038504, 12.4900038610444
41.9074597038504, 12.4900038610444
41.9074607451317, 12.4900037095922
41.9074571878287, 12.4900040971773
41.9074706145918, 12.4900160841016
41.9074867766053, 12.4900245772045
41.9074867766053, 12.4900245772045
41.9074867766053, 12.4900245772045
41.9074867766053, 12.4900245772045
41.9074867766053, 12.4900245772045
41.9074867766053, 12.4900245772045
41.9074867766053, 12.4900245772045
41.9074867766053, 12.4900245772045
41.9074713544452, 12.4900236931105
41.907471354445, 12.4900236931104
41.907471354445, 12.4900236931104
41.907471354445, 12.4900236931104
41.907471354445, 12.4900236931104
41.907471354445, 12.4900236931104
41.907471354445, 12.4900236931104
41.907471354445, 12.4900236931104
41.907471354445, 12.4900236931104
41.907471354445, 12.4900236931104
41.907471354445, 12.4900236931104
41.907471354445, 12.4900236931104
41.907471354445, 12.4900236931104
41.907471354445, 12.4900236931104
41.907471354445, 12.4900236931104
41.907471354445, 12.4900236931104
41.907471354445, 12.4900236931104
41.907471354445, 12.4900236931104
41.907471354445, 12.4900236931104
41.907471354445, 12.4900236931104
41.907471354445, 12.4900236931104
41.907471354445, 12.4900236931104
41.907471354445, 12.4900236931104
41.907471354445, 12.4900236931104
41.907471354445, 12.4900236931104
41.907471354445, 12.4900236931104
41.907471354445, 12.4900236931104
41.907471354445, 12.4900236931104
41.907471354445, 12.4900236931104
41.907471354445, 12.4900236931104
41.907471354445, 12.4900236931104
41.907471354445, 12.4900236931104
41.907471354445, 12.4900236931104
41.907471354445, 12.4900236931104
41.907471354445, 12.4900236931104
41.907471354445, 12.4900236931104
41.907471354445, 12.4900236931104
41.907471354445, 12.4900236931104
41.907471354445, 12.4900236931104
41.907471354445, 12.4900236931104
41.907471354445, 12.4900236931104
41.907471354445, 12.4900236931104
41.907471354445, 12.4900236931104
41.907471354445, 12.4900236931104
41.907471354445, 12.4900236931104
41.907471354445, 12.4900236931104
41.907471354445, 12.4900236931104
41.907471354445, 12.4900236931104
41.907471354445, 12.4900236931104
41.907471354445, 12.4900236931104
41.907471354445, 12.4900236931104
41.907471354445, 12.4900236931104
41.907471354445, 12.4900236931104
41.907471354445, 12.4900236931104
41.907471354445, 12.4900236931104
41.907471354445, 12.4900236931104
41.907471354445, 12.4900236931104
41.907471354445, 12.4900236931104
41.907471354445, 12.4900236931104
41.907471354445, 12.4900236931104
41.907471354445, 12.4900236931104
41.9074410953487, 12.490019957903
41.9073868864023, 12.490028741276
41.9073488258221, 12.4900318455719
41.9073324838633, 12.4900302144764
41.9073682195672, 12.49003194659
41.9073715986524, 12.4900478794412
41.9073715986524, 12.4900478794412
41.9073715986524, 12.4900478794412
41.9073715986524, 12.4900478794412
41.9073715986524, 12.4900478794412
41.9073715986524, 12.4900478794412
41.9073715986524, 12.4900478794412
41.9073715986524, 12.4900478794412
41.9073715986524, 12.4900478794412
41.9073715986524, 12.4900478794412
41.9073715986524, 12.4900478794412
41.9073715986524, 12.4900478794412
41.9073715986524, 12.4900478794412
41.9073599106303, 12.4900008539055
41.9073599106303, 12.4900008539055
41.9073599106303, 12.4900008539055
41.9073599106303, 12.4900008539055
41.9073662927884, 12.4899636019936
41.9065448585845, 12.4903059702895
41.9065393815344, 12.490298301463
41.906516088629, 12.4902680371664
41.9063914119684, 12.4901959906666
41.905267857733, 12.488016999551
41.9039081666559, 12.4885606663668
41.9027252789718, 12.488739902799
41.9021470385044, 12.4901741513825
41.9020205836039, 12.490440108077
41.9020205836039, 12.490440108077
41.9020205836039, 12.490440108077
41.901685774173, 12.490555947221
41.9003676039013, 12.4886391127373
41.8990319383887, 12.4868216471236
41.8972233573771, 12.4867337372955
41.896799683652, 12.486791215757
41.8966526001452, 12.4867950384461
41.896430383972, 12.485456840399
41.8972214594156, 12.4847197245377
41.8967530500004, 12.4825467121058
41.8954615279378, 12.4820911316291
41.8946361600365, 12.4809985508478
41.8935517253337, 12.4817171540025
41.8920110837956, 12.4802458226959
41.891043096211, 12.4804215156643
41.8891618310581, 12.4812027521607
41.8882134112585, 12.4812180031022
41.8882134112585, 12.4812180031022
41.8882134112585, 12.4812180031022
41.8882134112585, 12.4812180031022
41.8877591713234, 12.4806258569648
41.8878566942901, 12.4804845342676
41.8885895316351, 12.480304740643
41.8891075590526, 12.4790772267193
41.8884128273134, 12.47868836278
41.8861455861959, 12.4777274425807
