41.896821649474, 12.4851527639573
41.8972460809031, 12.4849895540099
41.8970317636329, 12.4839430860937
41.8967284570929, 12.4828996672987
41.8967284570929, 12.4828996672987
41.8967228670287, 12.4828594772325
41.896687714589, 12.4825739873173
41.895953166747, 12.4822024889149
41.8952203922688, 12.482016740408
41.8950581613319, 12.4812032292024
41.8945429798861, 12.4810706333561
41.8939105377819, 12.4816234469723
41.8934606054886, 12.4816639805904
41.892747367544, 12.4806851583483
41.8930549980652, 12.4797191348479
41.8938431836216, 12.4789237584807
41.8939517126754, 12.4783831000433
41.8941865696687, 12.4770952123812
41.8942369777985, 12.4762950754695
41.8942369777985, 12.4762950754695
41.8942369777985, 12.4762950754695
41.8942369777985, 12.4762950754695
41.8936183021898, 12.4754683222529
41.8930600713002, 12.4750624888175
41.8929110673491, 12.4749656039226
41.8924425347665, 12.4747344392314
41.8921599087854, 12.474710390504
41.8918017326632, 12.4745222771345
41.8918017326632, 12.4745222771345
41.8918017326632, 12.4745222771345
41.8918017326632, 12.4745222771345
41.8918017326632, 12.4745222771345
41.8918647513547, 12.4745054334895
41.8918647513547, 12.4745054334895
41.8918647513547, 12.4745054334895
41.8918647513547, 12.4745054334895
41.8918647513547, 12.4745054334895
41.8918818236495, 12.4744614140365
41.890473305429, 12.4744061750576
41.8904308915096, 12.4744033079793
41.8904308915096, 12.4744033079793
41.8895630266771, 12.4740929617323
41.8881447778904, 12.4733042662151
41.8870158829432, 12.4724115997994
41.8864805359664, 12.4717675020306
41.8862521802588, 12.4715516924389
41.8857896619956, 12.4709224420222
41.8859377197945, 12.4698755527965
41.8854756735093, 12.4687952482298
41.8840491564432, 12.4677711619929
41.8836243072586, 12.4663248866865
41.8847585109541, 12.466069281262
41.8859827318143, 12.4663738487211
41.8866039957326, 12.4652094325759
41.8858185695502, 12.4643672689201
41.8850051005238, 12.4635394876296
41.8850650204497, 12.46201277861
41.8851873368958, 12.4610261831244
41.884522381906, 12.4606345231713
41.8847059503988, 12.4597896552311
41.8845148661038, 12.4585094349839
41.8838091080688, 12.4585532902092
41.8838091080688, 12.4585532902092
41.8838091080688, 12.4585532902092
41.8831425790455, 12.4586621006465
