41.9077166669209, 12.490783868711
41.9077166669209, 12.490783868711
41.9076332748915, 12.4904738726617
41.9074343657914, 12.4900731713732
41.9074343657914, 12.4900731713732
41.9074343657914, 12.4900731713732
41.9074343657914, 12.4900731713732
41.9074343657914, 12.4900731713732
41.907391621726, 12.4901938306775
41.907391621726, 12.4901938306775
41.907391621726, 12.4901938306775
41.9073517246261, 12.4900698993231
41.9073517246261, 12.4900698993231
41.9073517246261, 12.4900698993231
41.9073517246261, 12.4900698993231
41.9073517246261, 12.4900698993231
41.9073517246261, 12.4900698993231
41.9073517246261, 12.4900698993231
41.9073517246261, 12.4900698993231
41.9073517246261, 12.4900698993231
41.9073517246261, 12.4900698993231
41.9073517246261, 12.4900698993231
41.9074062283473, 12.4901348817719
41.9074006553165, 12.4901442542283
41.9074006554935, 12.4901442545815
41.9073970233464, 12.4901366459033
41.9073970233464, 12.4901366459033
41.9074294691975, 12.4901314289406
41.9074397966665, 12.4901265756081
41.9074475297558, 12.4901271805649
41.9074523284968, 12.4901307339725
41.9075358255566, 12.4902149532617
41.9075954884064, 12.4902170182771
41.9076210046791, 12.490224320143
41.9076278396876, 12.4902182349204
41.9076278396876, 12.4902182349204
41.9076379356572, 12.4902112005801
41.9076379356572, 12.49021120058
41.9076363201291, 12.4902017984368
41.9076363201291, 12.4902017984368
41.9076363201291, 12.4902017984368
41.9076363201291, 12.4902017984368
41.9076151785077, 12.4901933569104
41.9075888471523, 12.4901622894609
41.9075942469533, 12.4901726267085
41.9076047020537, 12.4901808363945
41.9076247868436, 12.4901854360031
41.9075623695518, 12.4901057511657
41.9075600753163, 12.4900669624081
41.9075224443189, 12.4900458515802
41.9075224443188, 12.4900458515802
41.9075224443188, 12.4900458515802
41.9074083030911, 12.4900444377886
41.9073247883917, 12.4899341426521
41.9073039148008, 12.4899050844157
41.9073009264953, 12.489895342167
41.9072994158632, 12.4899005994511
41.9073114016752, 12.4899575708648
41.9073140071085, 12.4899669132425
41.9073140071085, 12.4899669132425
41.9073140071085, 12.4899669132425
41.9073140071085, 12.4899669132425
41.9073092245616, 12.4899839798452
41.9073092245616, 12.4899839798452
41.9073093518051, 12.4899990635013
41.907309352295, 12.4899990643582
41.907309352295, 12.4899990643582
41.907309352295, 12.4899990643582
41.907309352295, 12.4899990643582
41.9073127437299, 12.4900200171709
41.9072988732586, 12.4900492600176
41.9072988732586, 12.4900492600176
41.907308691981, 12.490058655597
41.9073387931072, 12.490076286395
41.9073387931072, 12.490076286395
41.9073387931072, 12.490076286395
41.9073387931072, 12.490076286395
41.9073387931072, 12.490076286395
41.9073918578831, 12.4900702793725
41.9074574265134, 12.4900667406069
41.9075022011378, 12.4900640045153
41.9075133359631, 12.490067182347
41.9075133359631, 12.490067182347
41.9075133359631, 12.490067182347
41.9075133359631, 12.490067182347
41.9075133359631, 12.490067182347
41.9075075805645, 12.490085013954
41.9075075799268, 12.4900850147484
41.9075075799268, 12.4900850147484
41.9075029017038, 12.4900815593641
41.9075029017038, 12.4900815593641
41.9075029017038, 12.4900815593641
41.9075029017038, 12.4900815593641
41.9075029017038, 12.4900815593641
41.9074972940045, 12.4900576021036
41.907496839156, 12.4900555895032
41.907500508095, 12.4900527866158
41.9074409139265, 12.4898702071094
41.9074358689807, 12.489841120768
41.9074761880507, 12.4895876738698
41.9074833746461, 12.4895709003417
41.9074939864693, 12.4895946385645
41.9075376366486, 12.489677052736
41.9075376366595, 12.4896770527635
41.9075376366595, 12.4896770527635
41.9075396024102, 12.4897110068237
41.9075396024102, 12.4897110068237
41.9075396024102, 12.4897110068237
41.9075396024102, 12.4897110068237
41.9075396024102, 12.4897110068237
41.9075396024102, 12.4897110068237
41.9075396024102, 12.4897110068237
41.9075396024102, 12.4897110068237
41.9075396024102, 12.4897110068237
41.9075396024102, 12.4897110068237
41.9075396024102, 12.4897110068237
41.9075396024102, 12.4897110068237
41.9075396024102, 12.4897110068237
41.9075396024102, 12.4897110068237
41.9075396024102, 12.4897110068237
41.9075584965677, 12.4897318436651
41.9075586584369, 12.4897320298148
41.9075586584369, 12.4897320298148
41.9075586584369, 12.4897320298148
41.9075586584369, 12.4897320298148
41.9075586584369, 12.4897320298148
41.9075586584369, 12.4897320298148
41.9075586584369, 12.4897320298148
41.9075586584369, 12.4897320298148
41.9075586584369, 12.4897320298148
41.9075586584369, 12.4897320298148
41.9075586584369, 12.4897320298148
41.9075586584369, 12.4897320298148
41.9075586584369, 12.4897320298148
41.9075586584369, 12.4897320298148
41.9075586584369, 12.4897320298148
41.9075586584369, 12.4897320298148
41.9075586584369, 12.4897320298148
41.9075586584369, 12.4897320298148
41.9075586584369, 12.4897320298148
41.9075724670173, 12.489764127363
41.9075724670173, 12.489764127363
41.9075814969512, 12.4897981653923
41.9075814969512, 12.4897981653923
41.9075857641688, 12.4897950967553
41.9075857641688, 12.4897950967553
41.9075814425081, 12.4897876557078
41.9075814425081, 12.4897876557078
41.9075814425081, 12.4897876557078
41.9075814425081, 12.4897876557078
41.9071524893982, 12.490246435562
41.9071124249181, 12.4903039028622
41.9070933830457, 12.4902298371493
41.9070933830457, 12.4902298371493
41.9071385758039, 12.4901729068296
41.9068283948413, 12.4899655595018
41.9063734660359, 12.4888250581372
41.9066308569253, 12.4879647222847
41.9076212490222, 12.4875462087725
41.9072688357639, 12.4861744835249
41.9070933830457, 12.4902298371493
41.9063783442989, 12.4859910119462
41.9063783442989, 12.4859910119462
41.9063783442989, 12.4859910119462
41.9064658462554, 12.486415895502
41.9064658462554, 12.486415895502
41.9064658462554, 12.486415895502
41.9065160128404, 12.4865031191391
41.9069339257477, 12.4878600266105
41.9072856872888, 12.489398384658
41.9063615356378, 12.490133922695
41.905482571511, 12.4880302741388
41.9040467491604, 12.4885431742247
41.9032783922415, 12.4871822177357
41.902992404528, 12.4860385917311
41.902992404528, 12.4860385917311
41.902710355732, 12.4850349932656
41.9021504838577, 12.4827634127951
41.9020970852225, 12.4813370267773
41.9020383055584, 12.4804948613592
41.9010305218961, 12.4804286466751
41.8994535569136, 12.4811470504702
41.8978697040283, 12.481735565005
41.8967332239645, 12.4821284568878
41.8958572581179, 12.4821367588847
41.8958572581179, 12.4821367588847
41.895634008289, 12.4821623678516
41.8949748486504, 12.4810742862232
41.893893955454, 12.4817087022684
