41.9035035220728, 12.4884246337763
41.9035035220728, 12.4884246337763
41.9035035220728, 12.4884246337763
41.9035035220728, 12.4884246337763
41.9035035220728, 12.4884246337763
41.9035035220728, 12.4884246337763
41.9035035220728, 12.4884246337763
41.9035035220728, 12.4884246337763
41.9035035220728, 12.4884246337763
41.9035035220728, 12.4884246337763
41.9035035220728, 12.4884246337763
41.9035769467989, 12.4885704392357
41.9035769467989, 12.4885704392357
41.9035769467989, 12.4885704392357
41.9035769467989, 12.4885704392357
41.9035769467989, 12.4885704392357
41.9035769467989, 12.4885704392357
41.9035769467989, 12.4885704392357
41.9035769467989, 12.4885704392357
41.9035769467989, 12.4885704392357
41.9035769467989, 12.4885704392357
41.9035849069772, 12.4885916348145
41.9036071147414, 12.4886366202851
41.9036071147414, 12.4886366202851
41.9036071147414, 12.4886366202851
41.9036071147414, 12.4886366202851
41.9036071147414, 12.4886366202851
41.9036071147414, 12.4886366202851
41.9036071147414, 12.4886366202851
41.9036071147414, 12.4886366202851
41.9036071147414, 12.4886366202851
41.9036071147414, 12.4886366202851
41.9036071147414, 12.4886366202851
41.9036071147414, 12.4886366202851
41.9036071147414, 12.4886366202851
41.9036521025709, 12.4887144340198
41.9036521025745, 12.4887144340365
41.9036521025745, 12.4887144340365
41.9036521025745, 12.4887144340365
41.9036521025745, 12.4887144340365
41.9036521025745, 12.4887144340365
41.9036647982832, 12.4887852071741
41.9036647982832, 12.4887852071741
41.9036647982832, 12.4887852071741
41.9036647982832, 12.4887852071741
41.9036647982832, 12.4887852071741
41.9037577399656, 12.4890798296725
41.9038279038768, 12.4891165275713
41.9038279038768, 12.4891165275713
41.9038279038768, 12.4891165275713
41.9038279038768, 12.4891165275713
41.9038279038768, 12.4891165275713
41.9038279038768, 12.4891165275713
41.9038279038768, 12.4891165275713
41.9038279038768, 12.4891165275713
41.9038279038768, 12.4891165275713
41.9038279038768, 12.4891165275713
41.9038279038768, 12.4891165275713
41.9038279038768, 12.4891165275713
41.9038279038768, 12.4891165275713
41.9038279038768, 12.4891165275713
41.9038618106093, 12.4890817782146
41.903872020846, 12.4890702495824
41.903872020846, 12.4890702495824
41.903872020846, 12.4890702495824
41.903872020846, 12.4890702495824
41.903872020846, 12.4890702495824
41.903872020846, 12.4890702495824
41.903872020846, 12.4890702495824
41.903872020846, 12.4890702495824
41.903872020846, 12.4890702495824
41.903872020846, 12.4890702495824
41.903872020846, 12.4890702495824
41.903872020846, 12.4890702495824
41.903872020846, 12.4890702495824
41.903872020846, 12.4890702495824
41.903872020846, 12.4890702495824
41.903872020846, 12.4890702495824
41.903872020846, 12.4890702495824
41.903872020846, 12.4890702495824
41.903872020846, 12.4890702495824
41.903872020846, 12.4890702495824
41.903872020846, 12.4890702495824
41.903872020846, 12.4890702495824
41.903872020846, 12.4890702495824
41.903872020846, 12.4890702495824
41.903872020846, 12.4890702495824
41.903872020846, 12.4890702495824
41.903872020846, 12.4890702495824
41.903872020846, 12.4890702495824
41.903872020846, 12.4890702495824
41.903872020846, 12.4890702495824
41.903872020846, 12.4890702495824
41.903872020846, 12.4890702495824
41.903872020846, 12.4890702495824
41.903872020846, 12.4890702495824
41.903872020846, 12.4890702495824
41.903872020846, 12.4890702495824
41.903872020846, 12.4890702495824
41.903872020846, 12.4890702495824
41.903872020846, 12.4890702495824
41.903872020846, 12.4890702495824
41.903872020846, 12.4890702495824
41.903872020846, 12.4890702495824
41.903872020846, 12.4890702495824
41.903872020846, 12.4890702495824
41.903872020846, 12.4890702495824
41.903872020846, 12.4890702495824
41.903872020846, 12.4890702495824
41.903872020846, 12.4890702495824
41.903872020846, 12.4890702495824
41.903872020846, 12.4890702495824
41.903872020846, 12.4890702495824
41.903872020846, 12.4890702495824
41.903872020846, 12.4890702495824
41.903872020846, 12.4890702495824
41.903872020846, 12.4890702495824
41.903872020846, 12.4890702495824
41.903872020846, 12.4890702495824
41.903872020846, 12.4890702495824
41.903872020846, 12.4890702495824
41.903872020846, 12.4890702495824
41.903872020846, 12.4890702495824
41.903872020846, 12.4890702495824
41.903872020846, 12.4890702495824
41.903872020846, 12.4890702495824
41.903872020846, 12.4890702495824
41.903872020846, 12.4890702495824
41.903872020846, 12.4890702495824
41.903872020846, 12.4890702495824
41.903872020846, 12.4890702495824
41.903872020846, 12.4890702495824
41.903872020846, 12.4890702495824
41.903872020846, 12.4890702495824
41.903872020846, 12.4890702495824
41.903872020846, 12.4890702495824
41.903872020846, 12.4890702495824
41.903872020846, 12.4890702495824
41.903872020846, 12.4890702495824
41.903872020846, 12.4890702495824
41.903872020846, 12.4890702495824
41.903872020846, 12.4890702495824
41.903872020846, 12.4890702495824
41.903872020846, 12.4890702495824
41.903872020846, 12.4890702495824
41.903872020846, 12.4890702495824
41.903872020846, 12.4890702495824
41.903872020846, 12.4890702495824
41.903872020846, 12.4890702495824
41.903872020846, 12.4890702495824
41.903872020846, 12.4890702495824
41.903872020846, 12.4890702495824
41.903872020846, 12.4890702495824
41.903872020846, 12.4890702495824
41.903872020846, 12.4890702495824
41.903872020846, 12.4890702495824
41.9039084745011, 12.4890451686964
41.9039084745011, 12.4890451686964
41.9039084745011, 12.4890451686964
41.9040141871497, 12.4886507649498
41.9034786486448, 12.4878657013779
41.903032729262, 12.4864824343603
41.9029854789005, 12.4861541409575
41.9029854789005, 12.4861541409575
41.902839097167, 12.4854378932287
41.9026791115734, 12.4847792150369
41.9025238852203, 12.4844179044461
41.9025238852203, 12.4844179044461
41.9023408910578, 12.4836237354049
41.9019903394859, 12.4822200222379
41.901936325033, 12.4813603960052
41.9020629375075, 12.4806341999434
41.9013605953649, 12.480359666991
41.9002301849406, 12.4808449205268
41.8997506571515, 12.4810760198935
41.8994973734216, 12.4811506970169
41.8994183735841, 12.4811641391644
41.8989530614149, 12.4813622959336
41.8982502776391, 12.4816840291214
41.8970560922276, 12.4821009467579
41.8964912127178, 12.4813983485701
41.8960681297007, 12.4793013701635
41.8959701626895, 12.4773447982582
41.8963688572389, 12.4755589954344
41.8965081116103, 12.4746166976507
41.8965172572913, 12.4745812343169
41.8968779924468, 12.4728040466317
41.8973757069158, 12.4707086974027
41.8977813244125, 12.4690443457692
41.8986023689327, 12.4677313436331
41.8990623748628, 12.4671193929079
41.8995758638406, 12.4663808922172
41.9002203708673, 12.4656215742235
41.9004696019906, 12.4652604450062
41.9004696019906, 12.4652604450062
41.9004696019906, 12.4652604450062
41.9004696019906, 12.4652604450062
41.9004696019906, 12.4652604450062
41.9006270437067, 12.4650433546403
41.9011153172177, 12.4644105462907
41.9019202602447, 12.46329896754
41.9024177596523, 12.4628065886188
41.9024177596523, 12.4628065886188
41.9024177596523, 12.4628065886188
41.9024177596523, 12.4628065886188
41.9024687473378, 12.4628250298363
41.9030427912249, 12.4630186545454
41.9034716718367, 12.4630969940935
41.9042571761431, 12.4632157484351
41.9055766516786, 12.4633664928218
41.9056374882856, 12.4633652954169
41.9056374882856, 12.4633652954169
41.9056374882856, 12.4633652954169
41.9058009585429, 12.4640231936865
41.9055954869404, 12.4655262323561
41.9055494141329, 12.4661350751878
41.9054611383326, 12.4676542272187
