41.9061642253862, 12.4898253809316
41.9062193460197, 12.489968599954
41.9071369619939, 12.4901453657694
41.9081213286399, 12.4893794031971
41.9093577337689, 12.4885507265115
41.909736732239, 12.4894047081541
41.9097526443956, 12.4894044538278
41.9097526443956, 12.4894044538278
41.9102186070064, 12.489800602594
41.911207478003, 12.4914765692245
41.9119792735401, 12.4923019221291
41.9119792735401, 12.4923019221291
41.9119792735401, 12.4923019221291
41.912844545756, 12.4928746601908
41.9133969817732, 12.4936908436499
41.9132932647272, 12.4938935326591
41.9133332367034, 12.4941144390205
41.9133332367034, 12.4941144390205
41.9133332367034, 12.4941144390205
41.9133332367034, 12.4941144390205
41.9133332367034, 12.4941144390205
41.913562158838, 12.4942392413409
41.9133305006142, 12.4939900164231
41.9123766839764, 12.4935860276372
41.9116853206084, 12.4936617411303
41.9109684492201, 12.493770907644
41.9105697889206, 12.4939985606151
41.9105697889206, 12.4939985606151
41.9103434347241, 12.4940515718842
41.9100778626575, 12.4941190203977
41.9100778626575, 12.4941190203977
41.9100778626575, 12.4941190203977
41.9098133390848, 12.4941915327037
41.9092340494882, 12.4944557122618
41.9092160033937, 12.4944665869065
41.9092160033937, 12.4944665869065
41.909102318774, 12.494512551462
41.9090479949821, 12.4945376837648
41.9090479949821, 12.4945376837648
41.9090479949821, 12.4945376837648
41.9089498950871, 12.4945669000684
41.9084334306254, 12.4935338111818
41.9080214563839, 12.4921271614414
41.9079925311313, 12.4920039060251
41.9079859382455, 12.4919942044586
41.9079859382455, 12.4919942044586
41.9079859382455, 12.4919942044586
41.9079859382455, 12.4919942044586
41.9079859382455, 12.4919942044586
41.9079859382455, 12.4919942044586
41.9079859382455, 12.4919942044586
41.9079859382455, 12.4919942044586
41.9079859382455, 12.4919942044586
41.9079859382455, 12.4919942044586
41.9079859382455, 12.4919942044586
41.9079859382455, 12.4919942044586
41.9079859382455, 12.4919942044586
41.9079859382455, 12.4919942044586
41.9079859382455, 12.4919942044586
41.9079859382455, 12.4919942044586
41.9079859382455, 12.4919942044586
41.9079859382455, 12.4919942044586
41.9079859382455, 12.4919942044586
41.9079859193663, 12.4919941810278
41.9079859193663, 12.4919941810278
41.9079859193663, 12.4919941810278
41.9079158578248, 12.4918152531811
41.9078749822177, 12.4916353614623
41.9078749822177, 12.4916353614623
41.9078749822177, 12.4916353614623
41.9078749822177, 12.4916353614623
41.9078749822177, 12.4916353614623
41.9078749822177, 12.4916353614623
41.9078749822177, 12.4916353614623
41.9078749822177, 12.4916353614623
41.9078749822177, 12.4916353614623
41.9078749822177, 12.4916353614623
41.9078749822177, 12.4916353614623
41.9078749822177, 12.4916353614623
41.9078749822177, 12.4916353614623
41.9078749822177, 12.4916353614623
41.9077847373064, 12.4914020585462
41.9077847373055, 12.4914020585385
41.9077847373055, 12.4914020585385
41.9077847373055, 12.4914020585385
41.9077847373055, 12.4914020585385
41.9077847373055, 12.4914020585385
41.9077455165098, 12.4912204803725
41.9077455165098, 12.4912204803724
41.9077455165098, 12.4912204803724
41.9077455165098, 12.4912204803724
41.9077455165098, 12.4912204803724
41.9077455165098, 12.4912204803724
41.9077455165098, 12.4912204803724
41.9077455165098, 12.4912204803724
41.9077455165098, 12.4912204803724
41.9077455165098, 12.4912204803724
41.9077455165098, 12.4912204803724
41.9077455165098, 12.4912204803724
41.9077455165098, 12.4912204803724
41.9077455165098, 12.4912204803724
41.9077455165098, 12.4912204803724
41.9077455165098, 12.4912204803724
41.9077455165098, 12.4912204803724
41.9077455165098, 12.4912204803724
41.9077455165098, 12.4912204803724
41.9077455165098, 12.4912204803724
41.9077455165098, 12.4912204803724
41.9077455165098, 12.4912204803724
41.9077455165098, 12.4912204803724
41.9077455165098, 12.4912204803724
41.9076539890917, 12.4908755552878
41.907617872877, 12.4907352609492
41.907617872877, 12.4907352609492
41.907617872877, 12.4907352609492
41.907617872877, 12.4907352609492
41.907617872877, 12.4907352609492
41.907617872877, 12.4907352609492
41.907617872877, 12.4907352609492
41.907617872877, 12.4907352609492
41.907617872877, 12.4907352609492
41.907617872877, 12.4907352609492
41.907617872877, 12.4907352609492
41.907617872877, 12.4907352609492
41.907617872877, 12.4907352609492
41.907617872877, 12.4907352609492
41.907617872877, 12.4907352609492
41.907617872877, 12.4907352609492
41.907617872877, 12.4907352609492
41.907617872877, 12.4907352609492
41.907617872877, 12.4907352609492
41.9076023951361, 12.4906621860947
41.9075755154668, 12.4905708976415
41.9075755154668, 12.4905708976415
41.9075755154668, 12.4905708976415
41.9075755154668, 12.4905708976415
41.9075755154668, 12.4905708976415
41.9075755154668, 12.4905708976415
41.9075755154668, 12.4905708976415
41.9075755154668, 12.4905708976415
41.9075755154668, 12.4905708976415
41.9075755154668, 12.4905708976415
41.9075755154668, 12.4905708976415
41.9075755154668, 12.4905708976415
41.9075755154668, 12.4905708976415
41.9075755154668, 12.4905708976415
41.9075755154668, 12.4905708976415
41.9075755154668, 12.4905708976415
41.9075755154668, 12.4905708976415
41.9075755154668, 12.4905708976415
41.9075755154668, 12.4905708976415
41.9075755154668, 12.4905708976415
41.9075755154668, 12.4905708976415
41.9075755154668, 12.4905708976415
41.9075616088912, 12.4904472281155
41.9075530828923, 12.4903516725995
41.9075530828923, 12.4903516725995
41.9075530828923, 12.4903516725995
41.9075530828923, 12.4903516725995
41.9075530828923, 12.4903516725995
41.9075530828923, 12.4903516725995
41.9075394186059, 12.4903045291063
41.9075394186059, 12.4903045291063
41.9075394186059, 12.4903045291063
41.9075394186059, 12.4903045291063
41.9075394186059, 12.4903045291063
41.9075394186059, 12.4903045291063
41.9075394186059, 12.4903045291063
41.9075394186059, 12.4903045291063
41.9075394186059, 12.4903045291063
41.9075394186059, 12.4903045291063
41.9075394186059, 12.4903045291063
41.9075394186059, 12.4903045291063
41.9075394186059, 12.4903045291063
41.9075394186059, 12.4903045291063
41.9075394186059, 12.4903045291063
41.9075394186059, 12.4903045291063
41.9075394186059, 12.4903045291063
41.9075394186059, 12.4903045291063
41.9075394186059, 12.4903045291063
41.9075394186059, 12.4903045291063
41.9075394186059, 12.4903045291063
41.9075394186059, 12.4903045291063
41.9075394186059, 12.4903045291063
41.9075394186059, 12.4903045291063
41.9075394186059, 12.4903045291063
41.9075394186059, 12.4903045291063
41.9075394186059, 12.4903045291063
41.9075394186059, 12.4903045291063
41.9075394186059, 12.4903045291063
41.9075394186059, 12.4903045291063
41.9075394186059, 12.4903045291063
41.9075394186059, 12.4903045291063
41.9075394186059, 12.4903045291063
41.90754285594, 12.4902427080928
41.9075374529233, 12.4902229015272
41.9075374529233, 12.4902229015272
41.9075374529233, 12.4902229015272
41.9074802843583, 12.4901161041027
41.9074802843583, 12.4901161041027
41.9074802843583, 12.4901161041027
41.9074802843583, 12.4901161041027
41.9074802843583, 12.4901161041027
41.9074802843583, 12.4901161041027
41.9074802843583, 12.4901161041027
41.9074802843583, 12.4901161041027
41.9074802843583, 12.4901161041027
41.9074802843583, 12.4901161041027
41.9074802843583, 12.4901161041027
41.9074802843583, 12.4901161041027
41.9074802843583, 12.4901161041027
41.9074802843583, 12.4901161041027
41.9074802843583, 12.4901161041027
41.9074802843583, 12.4901161041027
41.9074802843583, 12.4901161041027
41.9074802843583, 12.4901161041027
41.9074802843583, 12.4901161041027
41.9074802843583, 12.4901161041027
41.9074802843583, 12.4901161041027
41.9074802843583, 12.4901161041027
41.9074802843583, 12.4901161041027
41.9074802843583, 12.4901161041027
41.9074802843583, 12.4901161041027
41.9074802843583, 12.4901161041027
41.9074802843583, 12.4901161041027
41.9074802843583, 12.4901161041027
41.9074802843583, 12.4901161041027
41.9074802843583, 12.4901161041027
41.9074802843583, 12.4901161041027
41.9074802843583, 12.4901161041027
41.9074802843583, 12.4901161041027
41.9074802843583, 12.4901161041027
41.9074802843583, 12.4901161041027
41.9074802843583, 12.4901161041027
41.9074802843583, 12.4901161041027
41.9074294743071, 12.4900025851865
41.9067879367886, 12.4902060946259
41.9067124027072, 12.4902007000339
41.9067124027072, 12.4902007000339
41.9066632204698, 12.4901957191193
41.9059184784688, 12.4890340435909
41.9047569259869, 12.4882701028247
41.9043300914897, 12.4886371717729
41.9043300914897, 12.4886371717729
41.903958133824, 12.4886047535671
41.9034292770352, 12.4882167550652
41.9031279989764, 12.4887310159248
41.9024801698804, 12.4898028505631
41.9017541952154, 12.4904460234446
41.9007452130832, 12.4889291112301
41.8997678415194, 12.487508639731
41.8986203969339, 12.4866758698105
41.8974020060921, 12.4869490102595
41.8970476518049, 12.4870300672881
41.8970476518049, 12.4870300672881
41.8967371134511, 12.4870283278335
41.8963234540866, 12.4866457266592
41.895811177852, 12.487004456776
41.8950845304969, 12.4868325444879
41.8942594505623, 12.4873531272393
41.8938498930836, 12.4879664718497
41.8934007743218, 12.4879531208267
41.8931165070427, 12.4874015299307
41.8925569317511, 12.48829794267
41.891922026557, 12.4894996286162
41.8912977939435, 12.490771051533
41.8910672955851, 12.4924398452109
41.8903255365343, 12.4939299246816
41.8894737534488, 12.4936051058551
41.8894737534488, 12.4936051058551
41.8892498068753, 12.4920772053688
41.8883423701449, 12.4901676232801
41.8862776920004, 12.489590869622
