41.8888604433849, 12.4905038654693
41.8880711888595, 12.4899979981656
41.8880711888595, 12.4899979981656
41.8880241827468, 12.4900127516525
41.8870571637738, 12.489696128143
41.8862162648378, 12.4894894173047
41.8854161531686, 12.4892625801617
41.8853161625917, 12.4884167919979
41.8857146716106, 12.4876579293931
41.8858038648255, 12.4875298929667
41.8858038648255, 12.4875298929667
41.8858038648255, 12.4875298929667
41.8858038648255, 12.4875298929667
41.886051349411, 12.48705551431
41.8865623736188, 12.4861274168701
41.8870684985991, 12.4851888442953
41.8874984751065, 12.4844017743194
41.8875932940702, 12.4841456432199
41.8876843843935, 12.4839645271782
41.8881657665149, 12.4832852646052
41.8884760352724, 12.4826823934314
41.8886877608303, 12.4823216139083
41.8889944617852, 12.4818850957549
41.8898924869733, 12.4809658434851
41.8898924869733, 12.4809658434851
41.8898924869733, 12.4809658434851
41.8906895654972, 12.4806894290952
41.8907005364995, 12.4806881786311
41.8907005364995, 12.4806881786311
41.8907005364995, 12.4806881786311
41.8911039550412, 12.480565808049
41.8920961888242, 12.4803654648778
41.8927130613166, 12.4807337122941
41.893052494075, 12.4812081967368
41.8933337773656, 12.4815999957619
41.8935244888828, 12.4818357477768
41.8939127396075, 12.4819428521645
41.8944402421497, 12.4820812862436
41.8948434489028, 12.4821497024553
41.894935661228, 12.482107238817
41.8952068604157, 12.4821834613226
41.8955070538913, 12.4825039316513
41.8957078214245, 12.4827512288838
41.8958383325114, 12.4827522480995
41.8958836340544, 12.482744160952
41.8959920826465, 12.4827156737903
41.896336474732, 12.4824824715378
41.8965099293571, 12.4822540607662
41.8965311635021, 12.4821885431821
41.8965539921525, 12.4816116938181
41.8963786463876, 12.4806344288912
41.8961597382712, 12.479638914345
41.8960225682419, 12.4788154432653
41.8959855796673, 12.4778938804568
41.8959734013902, 12.4772536473653
41.8960356831989, 12.4766870875895
41.8960452313497, 12.4765782064233
41.8960452313497, 12.4765782064233
41.8959413327107, 12.4767099652265
41.8959413327107, 12.4767099652265
41.8959413327107, 12.4767099652265
41.8959413327107, 12.4767099652265
41.8959413327107, 12.4767099652265
41.8959413327107, 12.4767099652265
41.8959413327107, 12.4767099652265
41.8959413327107, 12.4767099652265
41.8959413327107, 12.4767099652265
41.8959413327107, 12.4767099652265
41.8959636540336, 12.4767628422684
41.8959636540336, 12.4767628422684
41.8959636540336, 12.4767628422684
41.8959636540336, 12.4767628422684
41.8959636540336, 12.4767628422684
41.8959636540336, 12.4767628422684
41.8959636540336, 12.4767628422684
41.8959636540336, 12.4767628422684
41.8959636540336, 12.4767628422684
41.8959636540336, 12.4767628422684
41.8959636540336, 12.4767628422684
41.8959636540336, 12.4767628422684
41.8959636540336, 12.4767628422684
41.8959636540336, 12.4767628422684
41.8959636540336, 12.4767628422684
41.8959686163961, 12.4767830911304
41.8959562000229, 12.4767582201102
41.8959344955423, 12.4767872891663
41.8959016668352, 12.4767925292123
41.8959687799026, 12.4768560145185
41.8959513585869, 12.4768519591934
41.8959502303746, 12.4768512647945
41.8959502303746, 12.4768512647945
41.895993755501, 12.4767917424151
41.8959881832705, 12.4767691481047
41.8959706390334, 12.4767696891314
41.8959695144611, 12.4767673034559
41.895917116959, 12.4768090581298
41.8958837061909, 12.4768223393047
41.8959311397302, 12.4768529519253
41.8959392587963, 12.4768769219315
41.8959654621104, 12.4768610276526
41.8959531889782, 12.4768682395713
41.8959407545273, 12.4768541958902
41.8959275331144, 12.4768339595665
41.8959650721055, 12.4768503685048
41.8960496419699, 12.4767530792036
41.8959877715177, 12.4767695246372
41.8959576153156, 12.4768125726877
41.8959269686882, 12.476839978869
41.8958755832178, 12.4768498049237
41.8958876909675, 12.4768482864647
41.8959218598408, 12.4768283739903
41.8959432192296, 12.4768108493673
41.8959519435059, 12.4768151579781
41.8959422669863, 12.4768299485942
41.8959425338443, 12.4768308325879
41.8959673744278, 12.4768367710411
41.8959747575409, 12.4768177978883
41.8959537633579, 12.4768260150362
41.8959856990791, 12.4768366809582
41.8959999853144, 12.4768607960126
41.8959846711619, 12.4768183081603
41.8959846661608, 12.4768183206553
41.8959846661608, 12.4768183206553
41.8959846661608, 12.4768183206553
41.8959846661608, 12.4768183206553
41.8959846661608, 12.4768183206553
41.8959846661608, 12.4768183206553
41.8959846661608, 12.4768183206553
41.8959846661608, 12.4768183206553
41.8959846661608, 12.4768183206553
41.8959846661608, 12.4768183206553
41.8959698002151, 12.4769128793739
41.8959698002098, 12.4769128793783
41.8959698002098, 12.4769128793783
41.8959698002098, 12.4769128793783
41.8959698002098, 12.4769128793783
41.8959698002098, 12.4769128793783
41.8959698002098, 12.4769128793783
41.8959698002098, 12.4769128793783
41.8959698002098, 12.4769128793783
41.8959698002098, 12.4769128793783
41.8959698002098, 12.4769128793783
41.8959698002098, 12.4769128793783
41.8959698002098, 12.4769128793783
41.8959698002098, 12.4769128793783
41.8959698002098, 12.4769128793783
41.8959698002098, 12.4769128793783
41.8959698002098, 12.4769128793783
41.8959698002098, 12.4769128793783
41.8959698002098, 12.4769128793783
41.8959698002098, 12.4769128793783
41.8959698002098, 12.4769128793783
41.8959698002098, 12.4769128793783
41.8959698002098, 12.4769128793783
41.8959698002098, 12.4769128793783
41.8959698002098, 12.4769128793783
41.8959698002098, 12.4769128793783
41.8959698002098, 12.4769128793783
41.8959698002098, 12.4769128793783
41.8959698002098, 12.4769128793783
41.8959698002098, 12.4769128793783
41.8959698002098, 12.4769128793783
41.8959698002098, 12.4769128793783
41.8959698002098, 12.4769128793783
41.8959698002098, 12.4769128793783
41.8959698002098, 12.4769128793783
41.8959698002098, 12.4769128793783
41.8959698002098, 12.4769128793783
41.8959698002098, 12.4769128793783
41.8959698002098, 12.4769128793783
41.8959698002098, 12.4769128793783
41.8959698002098, 12.4769128793783
41.8959698002098, 12.4769128793783
41.8959698002098, 12.4769128793783
41.8959698002098, 12.4769128793783
41.8959698002098, 12.4769128793783
41.8959698002098, 12.4769128793783
41.8959698002098, 12.4769128793783
41.8959698002098, 12.4769128793783
41.8959698002098, 12.4769128793783
41.8959698002098, 12.4769128793783
41.8959698002098, 12.4769128793783
41.8959698002098, 12.4769128793783
41.8959698002098, 12.4769128793783
41.8959698002098, 12.4769128793783
41.8959698002098, 12.4769128793783
41.8959698002098, 12.4769128793783
41.8959698002098, 12.4769128793783
41.8959698002098, 12.4769128793783
41.8959698002098, 12.4769128793783
41.8959698002098, 12.4769128793783
41.8959698002098, 12.4769128793783
41.8959698002098, 12.4769128793783
41.8959698002098, 12.4769128793783
41.8959698002098, 12.4769128793783
41.8959698002098, 12.4769128793783
41.8959614928414, 12.4770375284528
41.8960517616231, 12.4768162276594
41.8960449212188, 12.4766529602063
41.8960449212188, 12.4766529602063
41.8960449212188, 12.4766529602063
41.8960449212188, 12.4766529602063
41.8960449212188, 12.4766529602063
41.8960449212188, 12.4766529602063
41.8960449212188, 12.4766529602063
41.895998409066, 12.4765150934105
41.8958612719387, 12.4762243178756
41.8959484894039, 12.4753789686306
41.8958519996812, 12.4749462452698
41.8957941271158, 12.4749541548224
41.8948335435412, 12.4749582486402
41.8943879841654, 12.4749476252509
41.8939952726792, 12.4748720374678
41.8939240121509, 12.4751932743171
41.8938838139739, 12.4751837171286
41.8935126951774, 12.4749654549512
41.893458580397, 12.4749084143944
41.893458580397, 12.4749084143944
41.893458580397, 12.4749084143944
41.8932990165902, 12.4753655538797
41.893010719295, 12.4753384052296
41.892793428227, 12.4751710270775
41.8921668508864, 12.474802597188
41.8920201256198, 12.4746994112406
41.8918992787627, 12.4746347285018
41.8910264210321, 12.4744804856668
41.8906019655642, 12.4744206616423
41.8905929371616, 12.4744203145484
41.8905929371616, 12.4744203145484
41.8905929371616, 12.4744203145484
41.890534102754, 12.4744193625806
41.8900290995698, 12.4742605856935
41.8900290995698, 12.4742605856935
41.8900290995698, 12.4742605856935
41.8900290995698, 12.4742605856935
41.8900290995698, 12.4742605856935
41.8897119241678, 12.4741237673974
41.8887226573034, 12.4739312135777
41.8882068098771, 12.4734946327907
41.8879612044259, 12.4732829604098
41.8879612044259, 12.4732829604098
41.8877099997933, 12.4730713903247
41.887079779498, 12.4724846052523
41.8864572827045, 12.4719148101456
41.8859640600567, 12.4714243276186
41.8859426483734, 12.4713744264197
41.8859426483734, 12.4713744264197
41.8859426483734, 12.4713744264197
41.8859426483734, 12.4713744264197
41.8859426483734, 12.4713744264197
41.8856479860391, 12.4712245731097
41.8852823440319, 12.4708992350456
41.8842900657071, 12.4699889321094
