41.9048755439822, 12.4909886261633
41.9053901460372, 12.4921535151753
41.9049263526826, 12.4934717673556
41.9038599373488, 12.4948691554086
41.9029568530889, 12.4958625058303
41.90189789865, 12.4950301832254
41.9008023336328, 12.4932637423705
41.8995728031228, 12.4913528476008
41.8982906004331, 12.4893960614144
41.8969248643701, 12.4873881572166
41.8962551853586, 12.4859461451965
41.8967933122095, 12.4853612107723
41.8972503166587, 12.4850393408993
41.8968468285079, 12.4826909912118
41.8965229953755, 12.4814741359403
41.8959453711596, 12.4780917920905
41.8959850312762, 12.4768483823219
41.8960042440072, 12.4766117630829
41.8959255472883, 12.4766486153103
41.8959255472883, 12.4766486153103
41.8959161991376, 12.4767956034075
41.8959161991376, 12.4767956034075
41.8959161991376, 12.4767956034075
41.8959161991376, 12.4767956034075
41.8959161991376, 12.4767956034075
41.8959161991376, 12.4767956034075
41.8959161991376, 12.4767956034075
41.8959161991376, 12.4767956034075
41.8959161991376, 12.4767956034075
41.8959284726247, 12.4766737899843
41.8959284726247, 12.4766737899843
41.8959284726247, 12.4766737899843
41.8959284726247, 12.4766737899843
41.8959284726247, 12.4766737899843
41.8959284726247, 12.4766737899843
41.8959284726247, 12.4766737899843
41.8959284726247, 12.4766737899843
41.8959168124135, 12.4766093295255
41.895903608917, 12.4766086110283
41.8958942434904, 12.4766004285681
41.8958988430664, 12.4765832081417
41.8959323626182, 12.4765767389009
41.8959323626182, 12.4765767389009
41.8959323626182, 12.4765767389009
41.8959323626182, 12.4765767389009
41.8959323626182, 12.4765767389009
41.8959323626182, 12.4765767389009
41.8959414907533, 12.4765711326016
41.8959414907533, 12.4765711326016
41.895956644448, 12.4765584801538
41.8959636059653, 12.4765613040748
41.8959636059653, 12.4765613040748
41.895977530976, 12.4765396024173
41.8959776433041, 12.4765394869177
41.8959776433041, 12.4765394869177
41.8959776433041, 12.4765394869177
41.8959843745958, 12.4765192408217
41.8959843745958, 12.4765192408217
41.8959920465192, 12.4765090258301
41.8959920465192, 12.4765090258301
41.8959920465192, 12.4765090258301
41.8959920465192, 12.4765090258301
41.8959920465192, 12.4765090258301
41.8959920465192, 12.4765090258301
41.8959920465192, 12.4765090258301
41.8959920465192, 12.4765090258301
41.8959920465192, 12.4765090258301
41.8959920465192, 12.4765090258301
41.8959920465192, 12.4765090258301
41.8959920465192, 12.4765090258301
41.8959700364971, 12.4765195646735
41.8959700363277, 12.4765195659061
41.8959700363277, 12.4765195659061
41.8959700363277, 12.4765195659061
41.895976085585, 12.477104864383
41.8961903346917, 12.4763367798331
41.8966332204831, 12.4737379225782
41.8966300803443, 12.4728689784349
41.8959725765626, 12.4720851363243
41.8953614566529, 12.4713210911503
41.8949468514233, 12.4716724097336
41.894830403334, 12.4718790235463
41.8947630103864, 12.4719730277447
41.8947630103864, 12.4719730277447
41.8947630103864, 12.4719730277447
41.8948555099343, 12.4721036858522
41.8949611485823, 12.4723289986697
41.8950883264606, 12.4725104459294
41.8950883264606, 12.4725104459294
41.89512443615, 12.4725765103648
41.8951335503585, 12.4725814509211
41.8951335503585, 12.4725814509211
41.8951335503585, 12.4725814509211
41.8950081491542, 12.4726716532965
41.8948233918802, 12.4729744650622
41.894752370881, 12.4731527374997
41.89476173068, 12.4732745140717
41.8959920465192, 12.4765090258301
41.89476173068, 12.4732745140717
41.8946585754177, 12.4731868466064
41.894603790648, 12.4731406399159
