41.9034448350066, 12.4879157103246
41.9038619488847, 12.488968207579
41.9043993970172, 12.489938316572
41.9044166580673, 12.49014986587
41.9045178104507, 12.4901010503587
41.9045178104507, 12.4901010503587
41.9045178104507, 12.4901010503587
41.9045178104507, 12.4901010503587
41.9046958630004, 12.4903644189117
41.905245753641, 12.4916844466992
41.9052745396278, 12.4926160132182
41.9045404465504, 12.4939383296035
41.9035664118534, 12.495073694177
41.9025734140202, 12.4960019373196
41.9027295870292, 12.4966076890935
41.9030312427935, 12.4963945193598
41.9030578651021, 12.4963453351561
41.9030578651021, 12.4963453351561
41.9030578651021, 12.4963453351561
41.9030578651021, 12.4963453351561
41.9030578651021, 12.4963453351561
41.9030578651021, 12.4963453351561
41.9030578651021, 12.4963453351561
41.9030578651021, 12.4963453351561
41.9030578651021, 12.4963453351561
41.9030578651021, 12.4963453351561
41.9030578651021, 12.4963453351561
41.9030578651021, 12.4963453351561
41.9030578651021, 12.4963453351561
41.9030578651021, 12.4963453351561
41.9030578651021, 12.4963453351561
41.9030578651021, 12.4963453351561
41.9030578651021, 12.4963453351561
41.9030578651021, 12.4963453351561
41.9030578651021, 12.4963453351561
41.9031046312614, 12.4963904936925
41.9031218535917, 12.4962540711423
41.9030452131622, 12.4963682924162
41.9030452131595, 12.4963682924238
41.9030452131595, 12.4963682924238
41.9030452131595, 12.4963682924238
41.9030452131595, 12.4963682924238
41.9030452131595, 12.4963682924238
41.9031486095067, 12.4963183904194
41.9031185887363, 12.4963822832144
41.9031999071108, 12.4963917544671
41.9032025384819, 12.4962689000109
41.9031527939319, 12.4963022470932
41.9031527939319, 12.4963022470932
41.9031527939319, 12.4963022470932
41.9031527939319, 12.4963022470932
41.9031527939319, 12.4963022470932
41.9031527939319, 12.4963022470932
41.9031527939319, 12.4963022470932
41.9031527939319, 12.4963022470932
41.9031527939319, 12.4963022470932
41.9031527939319, 12.4963022470932
41.9031527939319, 12.4963022470932
41.9031527939319, 12.4963022470932
41.9030422203838, 12.4963647671544
41.9030662874131, 12.496411318376
41.9030342586175, 12.496369513803
41.9030953139343, 12.4963610300663
41.9031451825803, 12.4962550216287
41.9031439739246, 12.4961920045383
41.9031220862594, 12.4962060768545
41.9030812086934, 12.4962480859282
41.9030394386846, 12.4962970458931
41.9030137709393, 12.4963964409469
41.9029786381318, 12.4963627405855
41.9029808629703, 12.4963252708251
41.9029732569128, 12.4963736254853
41.9030198084451, 12.4962392764494
41.9030245463684, 12.4962731259301
41.9030492794081, 12.4962663250446
41.9031088864412, 12.4961703145321
41.9031018914822, 12.4961996016396
41.9030410528328, 12.496333392928
41.9030566501021, 12.4962792503002
41.9030148910162, 12.4963215515624
41.903019695171, 12.4963126931034
41.9030314748873, 12.496369730639
41.9030078221777, 12.4963527485464
41.9030510636565, 12.4962793818623
41.9030537781073, 12.4962138511002
41.9030956816753, 12.4962801261287
41.9030578471064, 12.4963627045394
41.9030421743368, 12.4964283071954
41.9030421745786, 12.4964283072294
41.9030421745786, 12.4964283072294
41.9030421745786, 12.4964283072294
41.9030421745786, 12.4964283072294
41.9030421745786, 12.4964283072294
41.9030421745786, 12.4964283072294
41.9030421745786, 12.4964283072294
41.9030421745786, 12.4964283072294
41.9030421745786, 12.4964283072294
41.9030417617228, 12.4964195884919
41.9030202592566, 12.496409029966
41.903020775791, 12.4963921465699
41.9029942065612, 12.4963665100948
41.903030140452, 12.4962925124643
41.9030419579392, 12.4962813166478
41.9030419579392, 12.4962813166478
41.9030419579392, 12.4962813166478
41.9030419579392, 12.4962813166478
41.9030419579392, 12.4962813166478
41.9030419579392, 12.4962813166478
41.9030419579392, 12.4962813166478
41.9030419579392, 12.4962813166478
41.9030419579392, 12.4962813166478
41.9030419579392, 12.4962813166478
41.9030419579392, 12.4962813166478
41.9030419579392, 12.4962813166478
41.9030419579392, 12.4962813166478
41.9030419579392, 12.4962813166478
41.9030419579392, 12.4962813166478
41.9030419579392, 12.4962813166478
41.9030419579392, 12.4962813166478
41.9030419579392, 12.4962813166478
41.9030419579392, 12.4962813166478
41.9030419579392, 12.4962813166478
41.9030419579392, 12.4962813166478
41.9030419579392, 12.4962813166478
41.9030419579392, 12.4962813166478
41.9030419579392, 12.4962813166478
41.9030419579392, 12.4962813166478
41.9030419579392, 12.4962813166478
41.9030412031766, 12.4962957984406
41.9030412031766, 12.4962957984406
41.9030412031766, 12.4962957984406
41.9030412031766, 12.4962957984406
41.9030412031766, 12.4962957984406
41.9030412031766, 12.4962957984406
41.9030412031766, 12.4962957984406
41.9030412031766, 12.4962957984406
41.9030412031766, 12.4962957984406
41.9030412031766, 12.4962957984406
41.9030412031766, 12.4962957984406
41.9030412031766, 12.4962957984406
41.9030412031766, 12.4962957984406
41.9030412031766, 12.4962957984406
41.9030412031766, 12.4962957984406
41.9030412031766, 12.4962957984406
41.9030412031766, 12.4962957984406
41.9030412031766, 12.4962957984406
41.9030412031766, 12.4962957984406
41.9030412031766, 12.4962957984406
41.9030412031766, 12.4962957984406
41.9030412031766, 12.4962957984406
41.9030412031766, 12.4962957984406
41.9030412031766, 12.4962957984406
41.9030495557106, 12.4962286547362
41.9030495557106, 12.4962286547362
41.9030495557106, 12.4962286547362
41.9030495557106, 12.4962286547362
41.9030495557106, 12.4962286547362
41.9030716061024, 12.4962557648035
41.90306175148, 12.4962733957495
41.9030310515044, 12.4962005042422
41.9030433588934, 12.496278265377
41.9030196751207, 12.4962841310904
41.9030216404997, 12.4962625530998
41.9030230032513, 12.4962432189932
41.9030249571601, 12.4962706102163
41.9030297972652, 12.496297075278
41.9030705083244, 12.496193605223
41.9029638545579, 12.4962093001082
41.9029510067338, 12.496217789772
41.9030349874447, 12.4961490371198
41.903005141906, 12.4961996032617
41.9030788905815, 12.496190722102
41.903061191262, 12.4961475750576
41.9030568685633, 12.4961348369269
41.9030532049721, 12.4961649872869
41.9030343754786, 12.4961681242242
41.9029833547477, 12.4961071096357
41.9030044713818, 12.4961632959945
41.9030258989707, 12.4960848072319
41.9030460881162, 12.4961301758315
41.9030562017108, 12.4961043908031
41.9030561330847, 12.4960772890159
41.9030611677496, 12.4961618229097
41.9030303376457, 12.4960896069868
41.9030357567012, 12.4961786951585
41.9030718909064, 12.4961450454087
41.9030449724069, 12.4960990504143
41.9030525144303, 12.4959598599791
41.9030838276326, 12.4959966683867
41.9030619251448, 12.4960394488711
41.9030408819952, 12.4959338309043
41.9030552394742, 12.4959716074927
41.9030336729841, 12.4960162857431
41.9030386401579, 12.4960277159747
41.9030553005255, 12.4959631266022
41.9030543447275, 12.4961169149004
41.9030401907103, 12.4961859810279
41.9030571617492, 12.4961016560657
41.9030157490503, 12.4961947015862
41.9029901612864, 12.4961416149282
41.9030218222032, 12.4960508438673
41.9030268939724, 12.4960184727174
41.9030679842176, 12.4960910521787
41.903051974836, 12.4960902369667
41.9030927902258, 12.4960777975904
41.9030897856723, 12.4961318663815
41.9030704218061, 12.4960681503895
41.9030164034752, 12.4960946836092
41.9030377554341, 12.4960532828319
41.9030816494227, 12.4960729865041
41.9030657303044, 12.4961281148843
41.9030613203605, 12.4960883247979
41.903126143578, 12.4961254884014
41.9030549044244, 12.4961753475242
41.9030207488722, 12.4960973764963
41.9030390047606, 12.4961990400958
41.9030312110545, 12.4960888361638
41.9030404242727, 12.4960356604507
41.9030743046506, 12.4960611733725
41.9030628773444, 12.4960822234777
41.9030537937221, 12.4960586723018
41.9030526222485, 12.4961018176694
41.9030585339081, 12.4961069654051
41.9030520664931, 12.4961233787373
41.903055004279, 12.4961311523722
41.9030406850067, 12.4960760265099
41.9030656314413, 12.4961104001253
41.9031119717163, 12.4961013202151
41.9030612371955, 12.4961875710387
41.9030646688116, 12.496195550101
41.9030574197208, 12.4961375395112
41.903051812116, 12.4960221200226
41.9030311413173, 12.4959391616932
41.9030460458529, 12.4959970942795
41.9030619848021, 12.4960756305954
41.9030645902603, 12.4961452589227
41.9030524458993, 12.4960833326935
41.9030196728296, 12.4960660559013
41.903063971161, 12.4960388525276
41.9031369111003, 12.4960936457254
41.9030890005052, 12.4961070407407
41.9030829536364, 12.4961460373974
41.9030699422895, 12.4961256096101
41.9030791293471, 12.4960954313337
41.9030465346227, 12.4960018447578
41.9030431124738, 12.4961460124802
41.9030520515394, 12.4961243422076
41.9030976850033, 12.4961325370106
41.9030921252922, 12.4960203435034
41.9030548886156, 12.4960151551143
41.9030497891087, 12.4960981266171
41.9030825394918, 12.4961055316161
41.9030580857135, 12.496135629894
41.9031022544325, 12.4960773119873
41.9030575208247, 12.49603360972
41.9030844778459, 12.4961286143691
41.9030953473474, 12.4961127385743
41.9029771653433, 12.4961828017604
41.9030085279116, 12.4961540709268
41.9030484994281, 12.4961179288177
41.9030549152301, 12.4961149051157
41.9030693626422, 12.4960848775275
41.9031118069122, 12.4959479782099
41.9030734163119, 12.4960092552578
41.9030627230001, 12.4961308990202
41.903015581213, 12.4961013675381
41.9030123726936, 12.4961433069212
41.9030718038675, 12.4961521917053
41.9030686640139, 12.4960765400238
41.9031179613991, 12.4960806221451
41.9030883383908, 12.4961148620087
41.9030759160909, 12.4961732540725
41.9030722829612, 12.49611198389
41.9030487944862, 12.4961724083648
41.9030710560429, 12.4961804587484
41.903027602913, 12.4961112181078
41.9031063058031, 12.4961195429223
41.9030542995344, 12.4961275258457
41.9030488222166, 12.4961352120492
41.9030620914225, 12.4961068113929
41.9030941798475, 12.4960630550322
41.9030356580363, 12.49607213118
41.9030243552353, 12.4960752892584
41.903038755443, 12.4961379661024
41.9030295312139, 12.4961362018305
41.9030442750256, 12.4960369306106
41.9030645939818, 12.4960188901432
41.9031395373132, 12.4959731520358
41.9031017451814, 12.4960097662086
41.9031239184945, 12.4960603527195
41.9031467386412, 12.4960083651617
41.9030794450972, 12.4960306839241
41.9030773456919, 12.4960536293161
41.9030357624997, 12.4960764391843
41.9030133890667, 12.4960870074404
41.9030911083815, 12.4961258531612
41.9030543877895, 12.4960470685029
41.9030866902953, 12.4960468006567
41.9030469524037, 12.49600757124
41.9030421164233, 12.4961030993219
41.9029792424406, 12.4960674878614
41.9030296815532, 12.4960787307777
41.9029911808938, 12.4961425702771
41.9030175855392, 12.4961204166768
41.9030581153035, 12.4961164476744
41.9031127840283, 12.4960860038418
41.9031280901495, 12.4960730172122
41.9031426602515, 12.4960536092284
41.9031292067555, 12.4960062322402
41.9031636355263, 12.4960400521211
41.9031859453009, 12.4960237510582
41.9031989413711, 12.4959667921978
41.9031583839185, 12.4959673989757
41.9030929586426, 12.4960104947116
41.9030788186954, 12.4960374508127
41.9030820867733, 12.4960417973952
41.903085171031, 12.4960854866411
41.9030619990681, 12.4961059589895
41.9030473341121, 12.4960875063381
41.9030410570331, 12.4960788872143
41.9030461597143, 12.4960990972217
41.9031107976909, 12.4962560562708
41.9030408316828, 12.4962042500301
41.9030405022554, 12.4961540804445
41.9030044005386, 12.4960739017064
41.9030332068402, 12.4960058061355
41.9029932137059, 12.4960271276581
41.9030232723576, 12.4960280917081
41.902994825408, 12.4960167885894
41.9030115904245, 12.4959752684979
41.903078913743, 12.4960533943132
41.903028194691, 12.4960443703897
41.903026529797, 12.4960990905966
41.9030835765625, 12.4961436745519
41.9030830448713, 12.4961405764931
41.9030317925544, 12.4960757090714
41.9030775087023, 12.4960849803589
41.9030823780765, 12.4960892385386
41.9030673743967, 12.4960700698163
41.9030616816074, 12.4960614550223
41.9031070497771, 12.4960735035809
41.9031160814656, 12.49602947503
41.9030947735603, 12.4959810171317
41.9030842699643, 12.4959714543625
41.9030973110075, 12.4959969477455
41.9030861560026, 12.4960640314187
41.9030810304732, 12.4960555272817
41.9030810304732, 12.4960555272817
41.9031156741114, 12.4960935545264
41.903116922444, 12.4961300123721
41.9028607339727, 12.4959350925258
41.902231525754, 12.4955548479484
41.9019709463109, 12.4951430263645
41.9010982260813, 12.4938643148794
41.9001793936827, 12.4925398007263
41.8991828540207, 12.4909699760251
41.8982210317737, 12.4895176662297
41.8981353743754, 12.4893547374424
41.8980262484885, 12.4891709093133
41.8971033821705, 12.4877962454387
41.8968682183609, 12.4874202239167
41.8968682183609, 12.4874202239167
41.8967978545132, 12.4872363163816
41.8964594880903, 12.4866526184735
41.896246864211, 12.4858043222678
41.8968483735477, 12.4853022255639
41.8972326940393, 12.4848361082619
41.8968980908603, 12.4833861164707
41.8967166531583, 12.4824488567305
41.8956232739468, 12.4821518809459
41.8953716873531, 12.4819869974222
41.8953716873531, 12.4819869974222
41.8953266032641, 12.4818139379339
41.8949105849448, 12.4809669963049
41.8940471658669, 12.4814550973152
41.8934639835318, 12.4815912312241
41.8922121116868, 12.4803302032362
41.8910643072838, 12.4801728387163
41.8907385267214, 12.4795098595281
41.8909537841284, 12.4791028402065
41.8911621416331, 12.4788477335958
41.8915473687852, 12.478117785178
41.8920034399025, 12.4764356010554
41.8919429799126, 12.4750803013722
41.8919429799126, 12.4750803013722
41.8919429799126, 12.4750803013722
41.8919429799126, 12.4750803013722
41.8919429799126, 12.4750803013722
41.8919429799126, 12.4750803013722
41.891876067884, 12.4749030045586
41.8907812117232, 12.474375431948
41.8892864651945, 12.4740285467759
41.888617723883, 12.473753647311
41.8875077224118, 12.4727685238742
41.8873831214683, 12.4726455309424
41.8873469277216, 12.4726564199977
41.8866176351198, 12.4720073850042
