41.9049051460891, 12.4755352321767
41.904846300653, 12.4764370035808
41.9047358228104, 12.476917252766
41.9047420028656, 12.4778364775787
41.9047063203983, 12.4782254367282
41.9046935028785, 12.4784802440742
41.9045707004049, 12.4788747756084
41.903750769059, 12.4791698029719
41.9028892012044, 12.4795785401437
41.9017144426749, 12.4800910222314
41.9016729676171, 12.4810415279183
41.9018913876322, 12.4817860960219
41.9022888399739, 12.4832407449325
41.9027146974942, 12.4850200639156
41.9027408734426, 12.4850971308976
41.9027867631144, 12.4851606434429
41.9030610484889, 12.4864351534959
41.903357832147, 12.4872572566584
41.9034948632965, 12.4878317819293
41.9034948632965, 12.4878317819293
41.9035226694341, 12.4879726194626
41.9035226694341, 12.4879726194626
41.9034682592158, 12.4883348074308
41.9034682592158, 12.4883348074308
41.9034682592158, 12.4883348074308
41.9034682592158, 12.4883348074308
41.9034682592158, 12.4883348074308
41.9034682592158, 12.4883348074308
41.9034682592158, 12.4883348074308
41.9034682592158, 12.4883348074308
41.9034682592158, 12.4883348074308
41.9034682592158, 12.4883348074308
41.9034682592158, 12.4883348074308
41.9034682592158, 12.4883348074308
41.9034682592158, 12.4883348074308
41.9034682592158, 12.4883348074308
41.9034682592158, 12.4883348074308
41.9034682592158, 12.4883348074308
41.9034254217222, 12.4883317324066
41.9034121548569, 12.488342406967
41.9034100329928, 12.4883614329902
41.9034553766658, 12.4883586228408
41.9033861200383, 12.4883975339046
41.9032926209118, 12.4883988138898
41.9034426359904, 12.4883331365019
41.9033886607829, 12.4883424099467
41.9034152589688, 12.488348256715
41.9034238803851, 12.4883482311456
41.9034238803851, 12.4883482311456
41.9034238803851, 12.4883482311456
41.9034238803851, 12.4883482311456
41.9034238803851, 12.4883482311456
41.9034238803851, 12.4883482311456
41.903411183337, 12.4883195796235
41.9034353149574, 12.4884065964595
41.9034270892049, 12.4884120065344
41.9034270892049, 12.4884120065344
41.9034270892049, 12.4884120065344
41.9034270892049, 12.4884120065344
41.9034270892049, 12.4884120065344
41.9034270892049, 12.4884120065344
41.9034270892049, 12.4884120065344
41.9034270892049, 12.4884120065344
41.9034270892049, 12.4884120065344
41.9034270892049, 12.4884120065344
41.9034911567858, 12.488460570263
41.9034911647716, 12.4884605373614
41.9034911647716, 12.4884605373614
41.9034911647716, 12.4884605373614
41.9034911647716, 12.4884605373614
41.9034911647716, 12.4884605373614
41.9034911647716, 12.4884605373614
41.9034911647716, 12.4884605373614
41.9034911647716, 12.4884605373614
41.9034911647716, 12.4884605373614
41.9034911647716, 12.4884605373614
41.9034911647716, 12.4884605373614
41.9034911647716, 12.4884605373614
41.9034911647716, 12.4884605373614
41.9034911647716, 12.4884605373614
41.9034911647716, 12.4884605373614
41.9034911647716, 12.4884605373614
41.9034976798037, 12.4884606832836
41.9035210580919, 12.4884985160158
41.9035210580919, 12.4884985160158
41.9038135, 12.4886703
41.9038135, 12.4886703
41.9038493374545, 12.4890078529032
41.9038493374545, 12.4890078529032
41.9038493374545, 12.4890078529032
41.9038493374545, 12.4890078529032
41.9038493374545, 12.4890078529032
41.9038493374545, 12.4890078529032
41.9038493374545, 12.4890078529032
41.9038493374545, 12.4890078529032
41.9038493374545, 12.4890078529032
41.9038493374545, 12.4890078529032
41.9038493374545, 12.4890078529032
41.9038493374545, 12.4890078529032
41.9038493374545, 12.4890078529032
41.9038493374545, 12.4890078529032
41.9038493374545, 12.4890078529032
41.9038493374545, 12.4890078529032
41.9038493374545, 12.4890078529032
41.9038493374545, 12.4890078529032
41.9038493374545, 12.4890078529032
41.9038493374545, 12.4890078529032
41.9038308888934, 12.4889329273014
41.9038308888934, 12.4889329273014
41.903821965908, 12.4890123205648
41.9038200730217, 12.4890530598876
41.9038200730217, 12.4890530598876
41.9038200730217, 12.4890530598876
41.9038200730217, 12.4890530598876
41.9038200730217, 12.4890530598876
41.9038200730217, 12.4890530598876
41.9038200730217, 12.4890530598876
41.9038200730217, 12.4890530598876
41.9038200730217, 12.4890530598876
41.9038200730217, 12.4890530598876
41.9038082058974, 12.4889159433231
41.903802001773, 12.4889132189101
41.9038035789118, 12.4889416211295
41.9038035789118, 12.4889416211295
41.9038035789118, 12.4889416211295
41.9037774849283, 12.4890028301299
41.9037676417395, 12.4889591716136
41.9037800545754, 12.4889989856822
41.9038144629616, 12.4889976798718
41.9037931785042, 12.4890505494969
41.9038110703966, 12.4890723020814
41.9038275512178, 12.4890983964798
41.9038652379793, 12.4891651214862
41.9038652379793, 12.4891651214862
41.9038652379793, 12.4891651214862
41.9038652379793, 12.4891651214862
41.9038652379793, 12.4891651214862
41.9038934514287, 12.4891548287102
41.90383160312, 12.4890769025838
41.9038095422896, 12.4890428529206
41.9037685174317, 12.4890462457414
41.9037921972496, 12.4891350300361
41.9037920038052, 12.4891380948806
41.9037920038052, 12.4891380948806
41.9037920038052, 12.4891380948806
41.9037920038052, 12.4891380948806
41.9038494387366, 12.4890846496601
41.9038782876223, 12.4890577866426
41.9038782876223, 12.4890577866426
41.9038782876223, 12.4890577866426
41.9038782876223, 12.4890577866426
41.9038782876223, 12.4890577866426
41.9038782876223, 12.4890577866426
41.9038782876223, 12.4890577866426
41.9038782876223, 12.4890577866426
41.9038782876223, 12.4890577866426
41.9038782876223, 12.4890577866426
41.9038782876223, 12.4890577866426
41.9039439322363, 12.4890103826309
41.9039439331178, 12.4890103824023
41.9039439331178, 12.4890103824023
41.9039439331178, 12.4890103824023
41.9039439331178, 12.4890103824023
41.9039538058226, 12.4889942077002
41.9039349476348, 12.4890166601445
41.9039349476348, 12.4890166601445
41.9039474176066, 12.4889948678416
41.903890536112, 12.488977517812
41.9038863772511, 12.4889587366543
41.9039321971676, 12.4890050600353
41.9039250851713, 12.4889917941876
41.9039250851713, 12.4889917941876
41.9039250851713, 12.4889917941876
41.9039250851713, 12.4889917941876
41.9039250851713, 12.4889917941876
41.9039250851713, 12.4889917941876
41.9039250851713, 12.4889917941876
41.9039250851713, 12.4889917941876
41.9039262723259, 12.4889885370709
41.9039342293151, 12.4890387057331
41.9039393263064, 12.4890406314675
41.9039393263064, 12.4890406314675
41.9039598047282, 12.4889558767524
41.9039188801663, 12.4888921012124
41.9039532209278, 12.488932696076
41.9040099946103, 12.4889630855392
41.9040206592536, 12.489025982152
41.904061287637, 12.4890691571596
41.9040312364915, 12.4890618772508
41.9039914859475, 12.4889374416422
41.903998127176, 12.4890249122775
41.9040220378707, 12.489020747721
41.9039926095248, 12.4889778658375
41.9039429542353, 12.4890298668919
41.9039734045474, 12.4890304003968
41.9039734045474, 12.4890304003968
41.9046467664624, 12.48839808662
41.9060046288148, 12.4888501471403
41.9060930117336, 12.4895514754186
41.9065593432812, 12.4903744808432
41.9065593432812, 12.4903744808432
41.9065593432812, 12.4903744808432
41.9065593432812, 12.4903744808432
41.9067354164833, 12.4903985890275
41.9072132970505, 12.4899372772079
41.9072132970505, 12.4899372772079
41.9072132970505, 12.4899372772079
41.9072132970505, 12.4899372772079
41.9072132970505, 12.4899372772079
41.9072132970505, 12.4899372772079
41.9082926399262, 12.4891459405799
41.9092984511539, 12.488504295314
41.9096356392615, 12.4890390390008
41.9098162588219, 12.4894329243948
41.9098162588219, 12.4894329243948
41.9098162588219, 12.4894329243948
41.9104101368594, 12.4902186074438
41.9115322280497, 12.4920644615609
41.9119483304191, 12.4923283489237
41.9119483304191, 12.4923283489237
41.9130580256643, 12.4931143890473
41.9140855334386, 12.4938077892666
41.9155760986263, 12.4942342296969
41.9162106768435, 12.4946970388062
41.917063807009, 12.493780318668
41.9187736370549, 12.49314093475
41.9193885835156, 12.4928839505958
41.9203020542939, 12.492354535928
41.9205152950523, 12.4921403638865
41.9211413096546, 12.491526057781
