41.8837272613501, 12.4900434647118
41.8848708446231, 12.4892073339909
41.8859143955543, 12.4873581570042
41.8869815343719, 12.4853690182812
41.8879072792871, 12.4836931594672
41.8880775708815, 12.4835012717356
41.8880775708815, 12.4835012717356
41.8884340287057, 12.4828574126842
41.889271613044, 12.4813835744697
41.8908815587245, 12.4805944385717
41.892669287143, 12.4806758235765
41.8938846527007, 12.4819084933069
41.8950161387357, 12.4821364310902
41.8958815383298, 12.4827384931499
41.8968228759218, 12.4821819579577
41.89799255314, 12.4815882274902
41.8994297232329, 12.481046994942
41.9008343079367, 12.4805061979167
41.9017951748858, 12.4815704768252
41.9022689132258, 12.483495988474
41.902772090695, 12.4854268695826
41.902772957857, 12.4854497656796
41.902775145422, 12.4856458637762
41.9032419123276, 12.4874600615308
41.9035523074633, 12.4886804245085
41.9035523074633, 12.4886804245085
41.9035523074633, 12.4886804245085
41.9035523074633, 12.4886804245085
41.9035523074633, 12.4886804245085
41.9035523074633, 12.4886804245085
41.9035523074633, 12.4886804245085
41.9035523074633, 12.4886804245085
41.9035523074633, 12.4886804245085
41.9035523074633, 12.4886804245085
41.9035523074633, 12.4886804245085
41.9035523074633, 12.4886804245085
41.9035523074633, 12.4886804245085
41.9035523074633, 12.4886804245085
41.9035523074633, 12.4886804245085
41.9035523074633, 12.4886804245085
41.9035523074633, 12.4886804245085
41.9035523074633, 12.4886804245085
41.9035523074633, 12.4886804245085
41.9035523074633, 12.4886804245085
41.9035523074633, 12.4886804245085
41.9035468939798, 12.4886951151062
41.9035466160558, 12.4886968170449
41.9035466160558, 12.4886968170449
41.9035466160558, 12.4886968170449
41.9035466160558, 12.4886968170449
41.9035466160558, 12.4886968170449
41.9035466160558, 12.4886968170449
41.9035466160558, 12.4886968170449
41.9035466160558, 12.4886968170449
41.9035466160558, 12.4886968170449
41.9035466160558, 12.4886968170449
41.9035466160558, 12.4886968170449
41.9035466160558, 12.4886968170449
41.9035466160558, 12.4886968170449
41.9035466160558, 12.4886968170449
41.9035466160558, 12.4886968170449
41.9035466160558, 12.4886968170449
41.9035466160558, 12.4886968170449
41.9035466160558, 12.4886968170449
41.9035466160558, 12.4886968170449
41.9035466160558, 12.4886968170449
41.9035466160558, 12.4886968170449
41.9035466160558, 12.4886968170449
41.9035466160558, 12.4886968170449
41.9035466160558, 12.4886968170449
41.9035466160558, 12.4886968170449
41.9035466160558, 12.4886968170449
41.9035466160558, 12.4886968170449
41.9035466160558, 12.4886968170449
41.9035466160558, 12.4886968170449
41.9035466160558, 12.4886968170449
41.9035466160558, 12.4886968170449
41.9035466160558, 12.4886968170449
41.9035466160558, 12.4886968170449
41.9035466160558, 12.4886968170449
41.9035466160558, 12.4886968170449
41.9035466160558, 12.4886968170449
41.9035466160558, 12.4886968170449
41.9035466160558, 12.4886968170449
41.9035466160558, 12.4886968170449
41.9035466160558, 12.4886968170449
41.9035466160558, 12.4886968170449
41.9035466160558, 12.4886968170449
41.9035466160558, 12.4886968170449
41.9035466160558, 12.4886968170449
41.9035466160558, 12.4886968170449
41.9035466160558, 12.4886968170449
41.9035466160558, 12.4886968170449
41.9035466160558, 12.4886968170449
41.9035466160558, 12.4886968170449
41.9035466160558, 12.4886968170449
41.9035466160558, 12.4886968170449
41.9035466160558, 12.4886968170449
41.9035466160558, 12.4886968170449
41.9035466160558, 12.4886968170449
41.9035466160558, 12.4886968170449
41.9035466160558, 12.4886968170449
41.9035466160558, 12.4886968170449
41.9035466160558, 12.4886968170449
41.9035466160558, 12.4886968170449
41.9035466160558, 12.4886968170449
41.9035466160558, 12.4886968170449
41.9035466160558, 12.4886968170449
41.9035466160558, 12.4886968170449
41.9035466160558, 12.4886968170449
41.9035466160558, 12.4886968170449
41.9035466160558, 12.4886968170449
41.9035466160558, 12.4886968170449
41.9035466160558, 12.4886968170449
41.9035466160558, 12.4886968170449
41.9035466160558, 12.4886968170449
41.9035466160558, 12.4886968170449
41.9035466160558, 12.4886968170449
41.9035466160558, 12.4886968170449
41.9035466160558, 12.4886968170449
41.9035466160558, 12.4886968170449
41.9035466160558, 12.4886968170449
41.9035466160558, 12.4886968170449
41.9035466160558, 12.4886968170449
41.9035466160558, 12.4886968170449
41.9035466160558, 12.4886968170449
41.9035466160558, 12.4886968170449
41.9035466160558, 12.4886968170449
41.9035466160558, 12.4886968170449
41.9035466160558, 12.4886968170449
41.9035466160558, 12.4886968170449
41.9035466160558, 12.4886968170449
41.9035466160558, 12.4886968170449
41.9035466160558, 12.4886968170449
41.9035466160558, 12.4886968170449
41.9035466160558, 12.4886968170449
41.9035466160558, 12.4886968170449
41.9035466160558, 12.4886968170449
41.9035466160558, 12.4886968170449
41.9035466160558, 12.4886968170449
41.9035466160558, 12.4886968170449
41.9035466160558, 12.4886968170449
41.9036209717311, 12.4888084030357
41.9036209717311, 12.4888084030357
41.9036209717311, 12.4888084030357
41.9036209717311, 12.4888084030357
41.9036209717311, 12.4888084030357
41.9036209717311, 12.4888084030357
41.9036209717311, 12.4888084030357
41.9036209717311, 12.4888084030357
41.9036209717311, 12.4888084030357
41.9036209717311, 12.4888084030357
41.9037785246032, 12.4890539067765
41.9038021242697, 12.4890844635968
41.9038021242697, 12.4890844635968
41.9038021242697, 12.4890844635968
41.9038021242697, 12.4890844635968
41.9038021242697, 12.4890844635968
41.9038021242697, 12.4890844635968
41.9038021242697, 12.4890844635968
41.9038021242697, 12.4890844635968
41.9038021242697, 12.4890844635968
41.9038021242697, 12.4890844635968
41.9038021242697, 12.4890844635968
41.9038021242697, 12.4890844635968
41.9038021242697, 12.4890844635968
41.9038021242697, 12.4890844635968
41.9038021242697, 12.4890844635968
41.9038021242697, 12.4890844635968
41.9038021242697, 12.4890844635968
41.9038021242697, 12.4890844635968
41.9038021242697, 12.4890844635968
41.9038021242697, 12.4890844635968
41.9038021242697, 12.4890844635968
41.9038021242697, 12.4890844635968
41.9038021242697, 12.4890844635968
41.9038021242697, 12.4890844635968
41.9038021242697, 12.4890844635968
41.9038021242697, 12.4890844635968
41.9038021242697, 12.4890844635968
41.9038021242697, 12.4890844635968
41.9038021242697, 12.4890844635968
41.9038021242697, 12.4890844635968
41.9038021242697, 12.4890844635968
41.9038021242697, 12.4890844635968
41.9038021242697, 12.4890844635968
41.9038021242697, 12.4890844635968
41.9038021242697, 12.4890844635968
41.9038021242697, 12.4890844635968
41.9038021242697, 12.4890844635968
41.9038021242697, 12.4890844635968
41.9038021242697, 12.4890844635968
41.9038021242697, 12.4890844635968
41.9038021242697, 12.4890844635968
41.9038021242697, 12.4890844635968
41.9038021242697, 12.4890844635968
41.9038021242697, 12.4890844635968
41.9038154895945, 12.4891395784
41.9038173279316, 12.4891279541439
41.9037552792758, 12.4890800022388
41.9037947350893, 12.4891761438163
41.9038078146141, 12.4891660654063
41.9037991889319, 12.4891589299635
41.9037991889319, 12.4891589299635
41.9037991889319, 12.4891589299635
41.9037991889319, 12.4891589299635
41.9037991889319, 12.4891589299635
41.9037991889319, 12.4891589299635
41.9037991889319, 12.4891589299635
41.9038272864125, 12.4891384986145
41.9038437643666, 12.4891072521288
41.9038437643666, 12.4891072521288
41.9038437643666, 12.4891072521288
41.9038437643666, 12.4891072521288
41.9038437643666, 12.4891072521288
41.9038512588591, 12.4891002826595
41.90387159246, 12.4890876018389
41.90387159246, 12.4890876018389
41.9038646277929, 12.4890933788203
41.903808184803, 12.4890515118532
41.9037956792995, 12.4890429828918
41.9037956792995, 12.4890429828918
41.9037956792995, 12.4890429828918
41.9037956792995, 12.4890429828918
41.9037956792995, 12.4890429828918
41.9037956792995, 12.4890429828918
41.9037956792995, 12.4890429828918
41.9037956792995, 12.4890429828918
41.9037956792995, 12.4890429828918
41.9037956792995, 12.4890429828918
41.9037956792995, 12.4890429828918
41.9037956792995, 12.4890429828918
41.9038011446075, 12.4890451922802
41.9038875421462, 12.4890907503541
41.9038624872739, 12.48911601829
41.9039029749738, 12.4890879277965
41.9038486789922, 12.4891233806474
41.9038979838712, 12.4891017272528
41.9039349048424, 12.4890995005533
41.9039349048424, 12.4890995005533
41.9039349048424, 12.4890995005533
41.9039349048424, 12.4890995005533
41.9039349048424, 12.4890995005533
41.9039349048424, 12.4890995005533
41.9039349048424, 12.4890995005533
41.9039393307953, 12.4891085595489
41.9039393307953, 12.4891085595489
41.9039393307953, 12.4891085595489
41.9039393307953, 12.4891085595489
41.9039393307953, 12.4891085595489
41.9039315875142, 12.4891195128723
41.9039029643597, 12.4890811928331
41.9038778845492, 12.489076451546
41.9038526344322, 12.4891208453605
41.9038597858533, 12.4889948362571
41.9039473476521, 12.4889020035725
41.9038493464878, 12.4890085079629
41.9038463925718, 12.48901147884
41.9038642135506, 12.4890218268292
41.9038642135449, 12.4890218268369
41.9038642135449, 12.4890218268369
41.9038642135449, 12.4890218268369
41.9038642135449, 12.4890218268369
41.9038642135449, 12.4890218268369
41.9038642135449, 12.4890218268369
41.9038642135449, 12.4890218268369
41.9038642135449, 12.4890218268369
41.9038642135449, 12.4890218268369
41.9038642135449, 12.4890218268369
41.9038642135449, 12.4890218268369
41.9038874252492, 12.489032873803
41.9038874252492, 12.489032873803
41.9038874252492, 12.489032873803
41.9038874252492, 12.489032873803
41.9038874252492, 12.489032873803
41.9038874252492, 12.489032873803
41.9038956206039, 12.4890437845602
41.9039436831722, 12.4890894371971
41.9039772399768, 12.4892288648922
41.9039863577282, 12.4891613262432
41.9039472842899, 12.4889947234577
41.9039937694814, 12.4890710376178
41.9039784786097, 12.4891544753849
41.9039858634136, 12.4891326644773
41.9040141082687, 12.4891875882775
41.9039626250204, 12.4890943864555
41.9039510689332, 12.4891282339884
41.9039649422028, 12.4892681666194
41.9039499922786, 12.4892016572289
41.9039928050101, 12.4892212837262
41.9040421614174, 12.4892660409313
41.9040569278273, 12.489283086246
41.9040692136783, 12.4892361594723
41.904017590763, 12.4891821036281
41.9040955674295, 12.4893021547162
41.9040269436773, 12.4892379290034
41.90393101707, 12.489143436973
41.9038931723154, 12.4890868901907
41.9038931723154, 12.4890868901907
41.9039056673963, 12.489062954653
41.9038875092877, 12.4890654756346
41.9039776533775, 12.4891946060112
41.9039931761144, 12.4891941356612
41.9040800485841, 12.4891087115657
41.9040469541729, 12.4891062929897
41.904005962838, 12.4891861150583
41.9039421573953, 12.4892567725681
41.9039857539416, 12.4891934838916
41.9040075115292, 12.4892071355581
41.9039816653319, 12.4891047404163
41.9040248198978, 12.4891297057294
41.9040142209908, 12.4891383966306
41.9039979035981, 12.4891287661166
41.9040196675796, 12.4891337950183
41.9040196675796, 12.4891337950183
41.9040196675796, 12.4891337950183
41.9040196675796, 12.4891337950183
41.9040196675796, 12.4891337950183
41.9040196675796, 12.4891337950183
41.9040196675796, 12.4891337950183
41.9040196675796, 12.4891337950183
41.9040196675796, 12.4891337950183
41.9040196675796, 12.4891337950183
41.9040196675796, 12.4891337950183
41.9040196675796, 12.4891337950183
41.9040196675796, 12.4891337950183
41.9040196675796, 12.4891337950183
41.9040196675796, 12.4891337950183
41.9040196675796, 12.4891337950183
41.9040196675796, 12.4891337950183
41.9040196675796, 12.4891337950183
41.9040196675796, 12.4891337950183
41.9040196675796, 12.4891337950183
41.9040196675796, 12.4891337950183
41.9040196675796, 12.4891337950183
41.9040196675796, 12.4891337950183
41.9040196675796, 12.4891337950183
41.9040196675796, 12.4891337950183
41.9040196675796, 12.4891337950183
41.9040196675796, 12.4891337950183
41.9040196675796, 12.4891337950183
41.9040196675796, 12.4891337950183
41.9040196675796, 12.4891337950183
41.9039960776102, 12.4889772957255
41.9039748852819, 12.4889631145343
41.9039612295876, 12.4889852784561
41.9039498924008, 12.4890004920144
41.9038913269489, 12.4889784907316
41.903918924908, 12.4890340619421
41.9039196929612, 12.4891229465509
41.9039421701538, 12.4889976673669
41.9039427253822, 12.4890005300565
41.9039225261806, 12.4889597505893
41.9039300330338, 12.4889340029048
41.9038846292416, 12.4889817980131
41.9038988328762, 12.4889241099864
41.9039248949094, 12.4889337129943
41.903899210365, 12.4890135738633
41.9039342151085, 12.4890001232301
41.9039124083543, 12.4889195146148
41.9039091961117, 12.4890087964619
41.9039097734029, 12.4890709573482
41.9039421324359, 12.4891788885652
41.9039563491444, 12.4889943324574
41.9038706552404, 12.488967317204
41.9038369524152, 12.4890225132685
41.903853803724, 12.4890052018565
41.9038617736839, 12.4889574867508
41.9038862190767, 12.4889722726175
41.9039252057478, 12.4890669930564
41.9039641744378, 12.4890545783665
41.9039545536163, 12.4890041347262
41.9040040034976, 12.4890520081575
41.9040293410586, 12.489130828206
41.9040715115728, 12.4891843137951
41.904030364582, 12.4891853482432
41.9039679426926, 12.4891783575648
41.904006639828, 12.4891271312024
41.9040259308362, 12.4890676021644
41.9040241244368, 12.4890764432349
41.9040115473432, 12.4891712213253
41.9039788905741, 12.4892396416761
41.9039439444801, 12.4891596173034
41.9039102764467, 12.4890728582366
41.9039161521762, 12.4890588862184
41.9039979874099, 12.4889842893646
41.9040144918445, 12.4890246254565
41.9039498115296, 12.4889578566959
41.9039296115141, 12.4889378907133
41.9039011215167, 12.4888508047537
41.9038826874354, 12.4887828250202
41.903969146425, 12.4889306418046
41.9040102577467, 12.48901575836
41.9040228775399, 12.4890253552861
41.9040688702297, 12.4890871320754
41.9039911715822, 12.4890172635461
41.9039550284584, 12.4889735069818
41.9040093214774, 12.4889904254719
41.9039347386256, 12.4891433324481
41.9039560809829, 12.489160160883
41.9039075067472, 12.4891046311976
41.9039124641081, 12.4890941754796
41.9039520854814, 12.4890370087691
41.9039703090111, 12.4889971876494
41.9039621973336, 12.4890382833452
41.9039741800709, 12.4889284196137
41.9039930307895, 12.4889847163534
41.9040459056919, 12.4891513848269
41.9039465281151, 12.4891495961399
41.9039388029843, 12.4890884097971
41.9038854804133, 12.4891740100555
41.9039721856985, 12.4890856640557
41.903990827058, 12.4890881350775
41.9039402135764, 12.4891682839399
41.9039207500726, 12.4892001240195
41.9039482470747, 12.4892935121072
41.9039482470747, 12.4892935121072
41.9039482470747, 12.4892935121072
41.9039482470747, 12.4892935121072
41.9039482470747, 12.4892935121072
41.9040251993288, 12.4891452059171
