41.922953372065, 12.46905427843
41.922953372065, 12.46905427843
41.9229830473038, 12.4689810714358
41.9235491465692, 12.4670480197141
41.9239256461168, 12.4654351184219
41.9239256461168, 12.4654351184219
41.9244613183496, 12.4638488492496
41.9260730641065, 12.4616058827309
41.9265422060746, 12.4615837749657
41.9265422060746, 12.4615837749657
41.9265422060746, 12.4615837749657
41.9265422060746, 12.4615837749657
41.9265422060746, 12.4615837749657
41.9265422060746, 12.4615837749657
41.9265050915447, 12.4617044869099
41.9265096435649, 12.4618300396991
41.9264016498152, 12.462834699061
41.925919149728, 12.4640249418146
41.9259092202772, 12.4640636482121
41.9259092202772, 12.4640636482121
41.9258008974474, 12.4641419210138
41.9258008974474, 12.4641419210138
41.9258008974474, 12.4641419210138
41.9258008974474, 12.4641419210138
41.9258008974474, 12.4641419210138
41.9258008974474, 12.4641419210138
41.9258008974474, 12.4641419210138
41.9258008974474, 12.4641419210138
41.9258222639048, 12.4646800484916
41.9254385202828, 12.4662462012706
41.9250049777246, 12.4677151680789
41.9245021361474, 12.4694910371553
41.9242255453235, 12.4707911801127
41.9229041501185, 12.4712712353845
41.9222875699381, 12.4715411661927
41.9215962775543, 12.4718485442077
41.9215962775543, 12.4718485442077
41.9215962775543, 12.4718485442077
41.9215962775543, 12.4718485442077
41.9215962775543, 12.4718485442077
41.9208895694824, 12.4719780802665
41.9208748076018, 12.4718457322483
41.9206898284685, 12.4719654297516
41.91960811302, 12.4725995412725
41.919334211961, 12.4727032484528
41.919334211961, 12.4727032484528
41.919334211961, 12.4727032484528
41.919334211961, 12.4727032484528
41.9188802287449, 12.4729514902763
41.9171362775839, 12.4736326927699
41.9161520848393, 12.4738779851822
41.9158434493792, 12.4739910088608
41.9165185289514, 12.4737640873003
41.9165061809944, 12.4730653404653
41.916244546601, 12.4716098878491
41.9175342024207, 12.4717581290706
41.9183332365885, 12.4718669338647
41.9183332365885, 12.4718669338647
41.918401955383, 12.4717553199336
41.918401955383, 12.4717553199336
41.918577197695, 12.4717741156459
41.9188982629632, 12.4724518183207
41.9188982629632, 12.4724518183207
41.9188982629632, 12.4724518183207
41.9188146454012, 12.4725112617445
41.9188098040399, 12.4725239598224
41.9189577431285, 12.4737320503957
41.9190271171672, 12.4762013570741
41.9186934385483, 12.4783527802012
41.9176630315433, 12.4795567663102
41.9174218280302, 12.4797071645628
41.9169645929758, 12.4808722157885
41.9161492356671, 12.4830168498755
41.9175428109524, 12.4841824244256
41.9182889873668, 12.4846692685096
41.9193447064011, 12.4866510877698
41.9197737641656, 12.4877206168866
41.9193480521293, 12.4889831634307
41.9189766177543, 12.4902954722827
41.9183232640216, 12.4914557483072
41.9177483125229, 12.4924029731894
41.9170276563074, 12.4936389503335
