41.9028065758726, 12.5017145324889
41.9028308543569, 12.5017090206868
41.9028156866554, 12.5016946955112
41.9027914105714, 12.5016835871393
41.9027748719176, 12.5016814222929
41.9027748719115, 12.5016814222897
41.9027796667149, 12.5016641373464
41.9027968378695, 12.5016602373372
41.9028005194482, 12.5016341976024
41.9028005194482, 12.5016341976024
41.9028005194482, 12.5016341976024
41.9028005194482, 12.5016341976024
41.9028434490831, 12.5016899342242
41.9028434490966, 12.501689934242
41.9028686924424, 12.5017050104605
41.9029580075278, 12.5017579779313
41.9029580075278, 12.5017579779313
41.9029580075278, 12.5017579779313
41.9029580075278, 12.5017579779313
41.902969427776, 12.5017524722662
41.902969427776, 12.5017524722662
41.902969427776, 12.5017524722662
41.902969427776, 12.5017524722662
41.9029891752474, 12.5017376131111
41.9029891752552, 12.5017376131011
41.9029891752552, 12.5017376131011
41.9029891752552, 12.5017376131011
41.9029891752552, 12.5017376131011
41.9030161895108, 12.5017309140161
41.9030161895108, 12.5017309140161
41.9030161895108, 12.5017309140161
41.9030161895108, 12.5017309140161
41.9030161895108, 12.5017309140161
41.9030161895108, 12.5017309140161
41.9030380704655, 12.5017315550614
41.9030757461371, 12.5017526382653
41.9029374133063, 12.5019479678091
41.9028809594792, 12.5019559498689
41.9028809594792, 12.5019559498689
41.9029176353772, 12.5019604351354
41.9029281615676, 12.5019621702771
41.9029323063691, 12.5019576122976
41.9027931776624, 12.5019802442462
41.9026266009393, 12.5019611728206
41.9025085772659, 12.5020629031733
41.9024729382857, 12.5021166659013
41.9024510903722, 12.5021467252484
41.9024556406812, 12.502156379468
41.9024611464797, 12.5022095350072
41.90246653896, 12.502225385099
41.9024557919441, 12.50222219392
41.9024661178414, 12.502242214243
41.9024002547967, 12.5024133957189
41.902372720883, 12.5024324228316
41.9022187558718, 12.5024218406479
41.9020567415167, 12.5023714016587
41.9020540135021, 12.502363740354
41.9020540135021, 12.502363740354
41.9020540135021, 12.502363740354
41.9024258665431, 12.5023672426538
41.9023517084261, 12.5023414440461
41.9023037121261, 12.5023334094593
41.9022509245397, 12.5022455348208
41.9022313197477, 12.5022504190469
41.9022313197477, 12.5022504190469
41.9021490088293, 12.5023901284959
41.9021490088294, 12.5023901284959
41.9021490088294, 12.5023901284959
41.9021490088294, 12.5023901284959
41.9021490088294, 12.5023901284959
41.9021490088294, 12.5023901284959
41.9021490088294, 12.5023901284959
41.9021490088294, 12.5023901284959
41.9021490088294, 12.5023901284959
41.9021598991949, 12.5024296460766
41.9021536761631, 12.5024782203488
41.9021536761631, 12.5024782203488
41.9021625975096, 12.5024588647665
41.9020720938627, 12.5027878310603
41.9022188313352, 12.5031847955485
41.9030508433489, 12.5031039538727
41.9037515529225, 12.5022576604471
41.9043567944967, 12.5030066374395
41.904775115708, 12.5023476583067
41.9047198627606, 12.502030521527
41.9057852940248, 12.5006958426451
41.9069135664938, 12.4994998168792
41.907467720475, 12.4987612032603
41.907467720475, 12.4987612032603
41.907467720475, 12.4987612032603
41.9075865234942, 12.4988710464067
41.9087843888798, 12.4985616117303
41.9102256321802, 12.4983206798064
41.9102256321802, 12.4983206798064
41.9102136956491, 12.4984680793364
41.9102136956491, 12.4984680793364
41.9102136956491, 12.4984680793364
41.910300556016, 12.4985127899205
41.9109111000915, 12.4982920239778
41.9109111000915, 12.4982920239778
41.9110842606052, 12.4963066145793
41.911038950834, 12.4933633693614
41.91038490727, 12.4910273472691
41.9097974614198, 12.4888805367511
41.9097952956124, 12.4886656059622
41.9104205194962, 12.487381596715
41.9117985685931, 12.485887661999
41.9127452890831, 12.4842127308702
41.913745754361, 12.4814953683116
41.9133346164871, 12.4792905050316
41.9121359868828, 12.477004294215
41.9119012544287, 12.4763981646065
41.9119012544287, 12.4763981646065
41.9118728112779, 12.4759678850959
41.9118837756054, 12.4750308757113
41.9125158268489, 12.4747462492422
41.9129843331904, 12.4743445098426
41.9131800860189, 12.4742431240715
41.9139968824693, 12.4740914304561
41.9144468937988, 12.4739691539657
