41.8896796195753, 12.4938637466053
41.8899878895349, 12.4939627286698
41.8901848804936, 12.4940369034228
41.8906386176074, 12.4940101694916
41.8911253801703, 12.4926746848546
41.8911833813184, 12.4919525789604
41.8911812812907, 12.4919385076764
41.8912522682316, 12.4910973778885
41.8919757216943, 12.4893712259844
41.8929361562767, 12.4878417864838
41.8930999282791, 12.4877236395829
41.8932784598113, 12.4878107407027
41.8935676262963, 12.4887624755579
41.8936734167211, 12.4891060239096
41.8936943242654, 12.4892583585023
41.8936943242654, 12.4892583585023
41.8936943242654, 12.4892583585023
41.8936943242654, 12.4892583585023
41.8937426202106, 12.4894905617184
41.8938328013288, 12.4898201948654
41.8938475379406, 12.4898752957625
41.8938475379406, 12.4898752957625
41.8938475379406, 12.4898752957625
41.893859353681, 12.4899156169111
41.8940293021397, 12.4905721343329
41.8940915442091, 12.4908274301683
41.8940915442091, 12.4908274301683
41.8940915442091, 12.4908274301683
41.8940915442091, 12.4908274301683
41.8940915442091, 12.4908274301683
41.8943194824417, 12.4919209436572
41.8948026895368, 12.4934616780303
41.8960458939793, 12.4946260182795
41.8970004061611, 12.4956837357952
41.8971094250572, 12.4958577958939
41.8975627780094, 12.496986745454
41.8973564199597, 12.497922159155
41.8969767718005, 12.49840943979
41.8969767718005, 12.49840943979
41.8969767718005, 12.49840943979
41.8969767718005, 12.49840943979
41.8970011044895, 12.498861931153
41.8971170792938, 12.4995563821948
41.8975874191758, 12.4994001741534
41.8986068913895, 12.5003275762187
41.8993730824083, 12.5009554483332
41.8991275412026, 12.5014195844289
41.8984461374939, 12.5024709554029
41.8982872259646, 12.5030981301277
41.8987602732052, 12.5033838931607
41.8996160405995, 12.5019638050361
41.8998803834875, 12.5014713585246
41.9000051922852, 12.5012683025791
41.9001315948494, 12.5010615238502
41.9001386275143, 12.5010539949889
41.9002368933444, 12.5009167637609
41.9002703585028, 12.5008456983969
41.9002703585028, 12.5008456983969
41.9003577709915, 12.5006910534785
41.9007048562906, 12.5001825368983
41.901342397333, 12.5009037667586
41.9012120341095, 12.5009652841518
41.9012120341095, 12.5009652841518
41.9012120341095, 12.5009652841518
41.9012120341095, 12.5009652841518
41.9012120341095, 12.5009652841518
41.9011823556813, 12.5009285698477
41.9011823556813, 12.5009285698477
41.9011823556813, 12.5009285698477
41.901046039347, 12.5007495220519
41.901046039347, 12.5007495220519
41.901046039347, 12.5007495220519
41.901046039347, 12.5007495220519
41.901046039347, 12.5007495220519
41.901046039347, 12.5007495220519
41.901046039347, 12.5007495220519
41.901046039347, 12.5007495220519
41.901007193549, 12.5007398295462
41.9009904659802, 12.5007310210607
41.9009077725874, 12.5006759999605
41.9007064700768, 12.500445293951
41.9007064700768, 12.500445293951
41.9007064700768, 12.500445293951
41.9006656555093, 12.5004056792
41.9006230343491, 12.5001986236251
41.9011871864836, 12.4991989669729
41.9016698348053, 12.4987621016924
41.9016698348053, 12.4987621016924
41.9016698348053, 12.4987621016924
41.902144824881, 12.4982228267588
41.9027451528519, 12.496669520194
41.9035587192954, 12.4960276889587
41.9043232701601, 12.4970314825189
41.9054965192566, 12.4986639041499
41.9062644073613, 12.4998560914348
41.9073669207429, 12.4989014617104
