41.9078499174274, 12.4987948223153
41.9078499174274, 12.4987948223153
41.907457550984, 12.4989813217032
41.9069246342537, 12.4992477848972
41.9068687808681, 12.499302231471
41.9068687808681, 12.499302231471
41.9068687808681, 12.499302231471
41.9073628945216, 12.4988096576318
41.9078869861378, 12.4987033687962
41.9087809423829, 12.4985568975103
41.9094784018435, 12.4984003909514
41.9106081661098, 12.4987712046812
41.9109752447424, 12.4985925945938
41.9109465545928, 12.4984609151623
41.9109465545928, 12.4984609151623
41.9109465545928, 12.4984609151623
41.9109465545928, 12.4984609151623
41.9109465545928, 12.4984609151623
41.9109465545928, 12.4984609151623
41.9109465545928, 12.4984609151623
41.9109196256685, 12.4984039579408
41.9109196256685, 12.4984039579408
41.9109674556259, 12.4983866087469
41.9109674556259, 12.4983866087469
41.9109674556259, 12.4983866087469
41.9109674556259, 12.4983866087469
41.9109674556259, 12.4983866087469
41.9109674556259, 12.4983866087469
41.9109674556259, 12.4983866087469
41.9109674556259, 12.4983866087469
41.9109674556259, 12.4983866087469
41.9109674556259, 12.4983866087469
41.9109674556259, 12.4983866087469
41.9110428077679, 12.4983632697011
41.9110577626135, 12.4984072888865
41.9109907849247, 12.4983421228751
41.9109888786148, 12.4983478712057
41.9109614591915, 12.4984170189667
41.9109353063392, 12.4984008225238
41.9109592864331, 12.4983980911391
41.9109553933844, 12.4984600148526
41.9109722922813, 12.4984494060848
41.9110263046142, 12.4984046825681
41.9110133411911, 12.4983541370052
41.9109862170602, 12.4983701668041
41.9109771963672, 12.4984156065097
41.9109492013294, 12.4983612688301
41.910961809113, 12.4983834370535
41.9109662076368, 12.4984177550394
41.9109869804602, 12.4983613799698
41.9110040405938, 12.4984012637837
41.9108973791208, 12.4984866681318
41.9108964719184, 12.4984380714995
41.9109213095393, 12.4983803715964
41.9110032901849, 12.4984682120117
41.9109658017589, 12.4984436034318
41.9109338349503, 12.4984088937585
41.9109438674983, 12.4983658044964
41.9110111501078, 12.4983930635143
41.9109741531999, 12.498409421312
41.9109379139771, 12.4985213410122
41.910956561941, 12.498425390652
41.9109503333824, 12.498411113595
41.9109370532253, 12.4983823569909
41.9109869487801, 12.4984508989007
41.9110079465826, 12.4984253093806
41.9109818279798, 12.4984440036642
41.9109768276653, 12.4984675367724
41.9109772376895, 12.4983561446653
41.9109936333471, 12.4984155569808
41.9109802037385, 12.4984452538884
41.910981427679, 12.4983723148764
41.9110017743636, 12.4983652651566
41.9109884668294, 12.4984020745959
41.9109185303373, 12.4984132334424
41.9109635757756, 12.4983576523416
41.9110274916369, 12.4984209815495
41.9110153129773, 12.4984114609183
41.9109711139919, 12.49837827782
41.9109642269093, 12.4983692616544
41.9109852391367, 12.498402672307
41.910935264118, 12.4983871919245
41.9109719822676, 12.4984310756527
41.9109606781095, 12.4983765280725
41.911007472552, 12.4983860599305
41.9110077124533, 12.4984050302279
41.9109740332431, 12.4983796693995
41.9109872096809, 12.4983445685359
41.9109872096809, 12.4983445685359
41.9110026673521, 12.4983347205437
41.911033483167, 12.4984533994279
41.9110245047738, 12.4984867571076
41.9110135221968, 12.4983790140193
41.9109455866338, 12.4983977614122
41.9109869124222, 12.4984398066224
41.9109983126561, 12.4984066845406
41.9110156628458, 12.4984483449389
41.9109717617077, 12.4984136199128
41.910969461172, 12.4983595576449
41.9109486105123, 12.49844204289
41.9109924544353, 12.4984369614779
41.9109734895587, 12.4983658720424
41.9109737343792, 12.4983679505948
41.9109625708573, 12.4983997888983
41.9110027081293, 12.4984300817739
41.9110222269114, 12.4983983569963
41.9109517891861, 12.4983640988938
41.9109827343933, 12.4984442847244
41.9109670936757, 12.498446004691
41.9109775905545, 12.4983869630075
41.9110123821712, 12.4984449822281
41.911002626872, 12.4983885276779
41.9109692813126, 12.498420084444
41.9109988565653, 12.4984623063485
41.9110124754169, 12.4984090810258
41.9109611849975, 12.4984278340667
41.9110227545632, 12.4983981253608
41.910963995682, 12.4984329104472
41.9109471391838, 12.4984208281911
41.9109838381654, 12.4983628323596
41.9109804849612, 12.498379716332
41.9109183128449, 12.4984131481396
41.9109183128449, 12.4984131481396
41.9109183128449, 12.4984131481396
41.9109183128449, 12.4984131481396
41.9109183128449, 12.4984131481396
41.9109183128449, 12.4984131481396
41.9109183128449, 12.4984131481396
41.9109183128449, 12.4984131481396
41.9109183128449, 12.4984131481396
41.9109183128449, 12.4984131481396
41.9109247152535, 12.4984099627146
41.9109970906285, 12.4983673416375
41.9110013226096, 12.4983826366257
41.9109906480238, 12.4983628046831
41.91097407862, 12.4983988559669
41.9109909050978, 12.4984156032915
41.9109552705649, 12.4983455246972
41.9109339188233, 12.4983883714126
41.9109572736604, 12.4984544508908
41.910951156119, 12.4984292705573
41.9109789681852, 12.4983973019626
41.9109863074487, 12.4984441032942
41.9109936199171, 12.4983915841123
41.9109877507018, 12.4983368757396
41.9109621687624, 12.4983668770211
41.9109739758714, 12.4983769861708
41.9109740368167, 12.4983769911834
41.9109740368167, 12.4983769911834
41.9109740368167, 12.4983769911834
41.9109740368167, 12.4983769911834
41.9109740368167, 12.4983769911834
41.9109740368167, 12.4983769911834
41.9109740368167, 12.4983769911834
41.9109740368167, 12.4983769911834
41.9109740368167, 12.4983769911834
41.9110049464503, 12.4983560907828
41.9110064643303, 12.4982785683452
41.9109996194518, 12.4983417818
41.9110005844959, 12.4982866814399
41.9110058694751, 12.4984051162038
41.9109999907606, 12.4984457267092
41.9109697013253, 12.4983930757698
41.9109680644266, 12.4983935911962
41.9109680644266, 12.4983935911962
41.9109680644266, 12.4983935911962
41.9109680644266, 12.4983935911962
41.9109680644266, 12.4983935911962
41.9109680644266, 12.4983935911962
41.9109747802061, 12.4983742982314
41.9109747802061, 12.4983742982314
41.9109747802061, 12.4983742982314
41.9109747802061, 12.4983742982314
41.9109747802061, 12.4983742982314
41.9109747802061, 12.4983742982314
41.9109747802061, 12.4983742982314
41.9109747802061, 12.4983742982314
41.9109747802061, 12.4983742982314
41.9109747802061, 12.4983742982314
41.9109747802061, 12.4983742982314
41.9109747802061, 12.4983742982314
41.9109747802061, 12.4983742982314
41.9109747802061, 12.4983742982314
41.9109881069649, 12.4983787969726
41.9109881069649, 12.4983787969726
41.9109881069649, 12.4983787969726
41.9109881069649, 12.4983787969726
41.9109881069649, 12.4983787969726
41.9109881069649, 12.4983787969726
41.9109881069649, 12.4983787969726
41.9109881069649, 12.4983787969726
41.9109881069649, 12.4983787969726
41.9109881069649, 12.4983787969726
41.9109881069649, 12.4983787969726
41.9109881069649, 12.4983787969726
41.9109881069649, 12.4983787969726
41.9109881069649, 12.4983787969726
41.9109881069649, 12.4983787969726
41.9109881069649, 12.4983787969726
41.9109881069649, 12.4983787969726
41.9109881069649, 12.4983787969726
41.9109544711525, 12.498401153534
41.9108192016423, 12.4987630580654
41.9108223746637, 12.4988945633229
41.9110738085734, 12.4987032098861
41.9111139301936, 12.4985996874707
41.9110622306843, 12.4980993082456
41.9109777863108, 12.4975678683851
41.9109836508968, 12.4972356303209
41.9110403029678, 12.4960847508746
41.9110406838708, 12.4949140803585
41.9110355438722, 12.4939930141631
41.9110355438722, 12.4939930141631
41.9104270585549, 12.4912886252203
41.9100292687686, 12.490581978006
41.909792433791, 12.4890152194925
41.9098074350214, 12.4885447569362
41.9098074350214, 12.4885447569362
41.9098074350214, 12.4885447569362
41.9098074350214, 12.4885447569362
41.9101946640234, 12.4875585745114
41.9118228847535, 12.4857800211407
41.9127146965272, 12.4841596019523
41.9137025306658, 12.4815626584282
41.9136208429392, 12.4797961661262
41.9124623701098, 12.4775996472645
41.9119173715317, 12.4763561048002
41.9118593246782, 12.4753252036458
41.9121524625245, 12.4746834169155
41.9124149950867, 12.4747032688262
41.9133576051876, 12.4743562409211
41.9140440272706, 12.4741033221282
41.9142785864024, 12.4740591102521
41.9144112440886, 12.4739273328329
41.9144112440886, 12.4739273328329
41.9144112440886, 12.4739273328329
41.9148086551469, 12.4737464514802
41.91484853882, 12.4737490834831
41.91484853882, 12.4737490834831
41.91484853882, 12.4737490834831
41.9150552781313, 12.4733935700852
41.9148892867141, 12.4727269512352
41.9148892867141, 12.4727269512352
41.9148892867141, 12.4727269512352
41.9146775445496, 12.4718802541972
41.9144438624184, 12.4708938989679
