41.8879038354899, 12.4830388466909
41.8879038354899, 12.4830388466909
41.8879448656893, 12.4830999439491
41.888991902291, 12.4820335732417
41.8902315742073, 12.4808586796923
41.8920399008789, 12.4803366468231
41.8932434801465, 12.4814088491037
41.894313643588, 12.4820405498872
41.8955848112391, 12.4823762824661
41.8965552833833, 12.4824085478871
41.8969225443196, 12.4821226237398
41.8979944017253, 12.4817088808589
41.8991462228948, 12.481239497709
41.8996110380441, 12.4810403128919
41.9010597534818, 12.480467884321
41.9018105602583, 12.4815011265036
41.9024253324261, 12.4837742304397
41.9027653654893, 12.4853124864823
41.9027653654893, 12.4853124864823
41.9027653654893, 12.4853124864823
41.9034476732028, 12.4856095196618
41.9046031020132, 12.4860339170733
41.9038969027683, 12.4872897914763
41.9043643396997, 12.4877181932766
41.9047204571616, 12.4874310849638
41.9049238150656, 12.4870855669544
41.9053566883881, 12.4867280095558
41.9056549538914, 12.4875490635509
41.905944836668, 12.4881352931131
41.9067570628196, 12.4879159028358
41.9076293928926, 12.4875506896971
41.9074053730665, 12.4863547857851
41.9067893541703, 12.4859127427399
41.9063923488417, 12.4863388894056
41.9064325965339, 12.4862753224534
41.9064325965339, 12.4862753224534
41.9064325965339, 12.4862753224534
41.9064325965339, 12.4862753224534
41.9064325965339, 12.4862753224534
41.9064325965339, 12.4862753224534
41.9064325965339, 12.4862753224534
41.9064325965339, 12.4862753224534
41.9064325965339, 12.4862753224534
41.9064325965339, 12.4862753224534
41.9064325965339, 12.4862753224534
41.9064325965339, 12.4862753224534
41.9064325965339, 12.4862753224534
41.9064325965339, 12.4862753224534
41.9064325965339, 12.4862753224534
41.9064325965339, 12.4862753224534
41.9064325965339, 12.4862753224534
41.9064325965339, 12.4862753224534
41.9064319555337, 12.4862938474427
41.9064319555337, 12.4862938474427
41.9064319555337, 12.4862938474427
41.9064116582456, 12.4863034571524
41.9064116582456, 12.4863034571524
41.9064116582456, 12.4863034571524
41.9064116582456, 12.4863034571524
41.9064116582456, 12.4863034571524
41.9064116582456, 12.4863034571524
41.9063245258853, 12.4863223516898
41.9063167775094, 12.4863364670197
41.9063381010128, 12.4863408702363
41.9063543557651, 12.4863366871924
41.9063736092545, 12.4863256145975
41.9063739782845, 12.4863237095969
41.9064430939869, 12.4866568205324
41.9068583280207, 12.4881064450072
41.9072801275898, 12.4894811114563
41.9075567309948, 12.4897919619913
41.9086536160978, 12.4889424490407
41.9095518479916, 12.4886964364346
41.9098370273591, 12.4894100958105
41.9105119183452, 12.4903498339209
41.9115725487133, 12.4920149336546
