41.9036730854523, 12.4962439516824
41.9051071611536, 12.4981769535047
41.9064262076091, 12.4998686250622
41.907058103786, 12.4990226239939
41.9089084157332, 12.4986302797997
41.9105377098993, 12.4983433997099
41.9112531069749, 12.4985497832581
41.9119108666304, 12.4987105231615
41.9122061795772, 12.4987140449726
41.9122381391563, 12.4982059059862
41.9121003783358, 12.4978589188808
41.9116789388953, 12.4979096999678
41.9116789388953, 12.4979096999678
41.9116789388953, 12.4979096999678
41.9116789388953, 12.4979096999678
41.9116789388953, 12.4979096999678
41.9115511160377, 12.4978579704042
41.9115511160377, 12.4978579704042
41.9115511160377, 12.4978579704042
41.9117144692358, 12.4977162258385
41.9117144692358, 12.4977162258385
41.9117144692358, 12.4977162258385
41.9117144692358, 12.4977162258385
41.9117144692358, 12.4977162258385
41.9117144692358, 12.4977162258385
41.9117144692358, 12.4977162258385
41.9116382360142, 12.4977629403525
41.9116382360142, 12.4977629403525
41.9116382360142, 12.4977629403525
41.9116382360142, 12.4977629403525
41.9116382360142, 12.4977629403525
41.9116323703368, 12.4977681550715
41.9116323703368, 12.4977681550715
41.9116081303328, 12.4978201710765
41.9116041938608, 12.497809009372
41.911697723186, 12.4977880756428
41.911697740086, 12.4977880755417
41.911700121488, 12.4977903691505
41.911700121488, 12.4977903691505
41.911700121488, 12.4977903691505
41.9117271271415, 12.4978043855743
41.9117387133804, 12.497809411326
41.9117387133804, 12.497809411326
41.9117387133804, 12.497809411326
41.911794097318, 12.4978304178734
41.9117976937422, 12.4978536037811
41.9117976937321, 12.4978536037783
41.9117976937321, 12.4978536037783
41.9117976937321, 12.4978536037783
41.9117976937321, 12.4978536037783
41.9116499453172, 12.4978528485888
41.9116863474168, 12.4978685285244
41.9116654524892, 12.4978853995309
41.9116534203054, 12.4978769247065
41.9115777971247, 12.4978548493636
41.9115234868215, 12.4978602343277
41.911554882179, 12.4978845754171
41.9115719401945, 12.4978934624011
41.9115719401955, 12.4978934624048
41.9115859406385, 12.4979029627343
41.9115859406385, 12.4979029627343
41.9115859406385, 12.4979029627343
41.9115859406385, 12.4979029627343
41.9115859406385, 12.4979029627343
41.9115752868597, 12.4979143826465
41.9115752868597, 12.4979143826465
41.9115752868597, 12.4979143826465
41.9115752868597, 12.4979143826465
41.9115752868597, 12.4979143826465
41.9115752868597, 12.4979143826465
41.9115752868597, 12.4979143826465
41.9115752868597, 12.4979143826465
41.9115608921596, 12.4979120736506
41.9116095663853, 12.4978902692135
41.9116095663853, 12.4978902692135
41.9116095663853, 12.4978902692135
41.9116095663853, 12.4978902692135
41.9116095663853, 12.4978902692135
41.9116095663853, 12.4978902692135
41.9116095663853, 12.4978902692135
41.9115937647986, 12.4978853732543
41.9115938341042, 12.4978921540432
41.9115571180015, 12.49791605199
41.9115266276456, 12.4979081813769
41.9115266276456, 12.4979081813769
41.9115266276456, 12.4979081813769
41.9115266276456, 12.4979081813769
41.9115266276456, 12.4979081813769
41.9115266276456, 12.4979081813769
41.9115266276456, 12.4979081813769
41.9115266276456, 12.4979081813769
41.9116115269139, 12.4978999127078
41.9116444264422, 12.497871977926
41.9116444264422, 12.497871977926
41.9116306383352, 12.4979747944412
41.9116300970417, 12.497987044658
41.911630142829, 12.497987031496
41.911630142829, 12.497987031496
41.911630142829, 12.497987031496
41.9116419343054, 12.4979963050953
41.9116419343054, 12.4979963050953
41.9116419343054, 12.4979963050953
41.9116365795371, 12.4979946963837
41.9116361632533, 12.4979945987812
41.9116361632533, 12.4979945987812
41.9116361632533, 12.4979945987812
41.9116361632533, 12.4979945987812
41.9116361632533, 12.4979945987812
41.9116361632533, 12.4979945987812
41.9116361632533, 12.4979945987812
41.9116361632533, 12.4979945987812
41.9116361632533, 12.4979945987812
41.9116361632533, 12.4979945987812
41.9116361632533, 12.4979945987812
41.911622357474, 12.497894835282
41.9116558876998, 12.497817381803
41.9116570958731, 12.4978367938665
41.9116567083101, 12.4978521198962
41.9116529824725, 12.4978495058786
41.9116529824725, 12.4978495058786
41.9116529824725, 12.4978495058786
41.9116529824725, 12.4978495058786
41.9116529824725, 12.4978495058786
41.9116529824725, 12.4978495058786
41.9116529824725, 12.4978495058786
41.9116529824725, 12.4978495058786
41.9116529824725, 12.4978495058786
41.9116529824725, 12.4978495058786
41.9116529824725, 12.4978495058786
41.9116529824725, 12.4978495058786
41.9116529824725, 12.4978495058786
41.9116529824725, 12.4978495058786
41.9116529824725, 12.4978495058786
41.9116529824725, 12.4978495058786
41.9116529824725, 12.4978495058786
41.9116529824725, 12.4978495058786
41.9116529824725, 12.4978495058786
41.9116529824725, 12.4978495058786
41.9116529824725, 12.4978495058786
41.9116529824725, 12.4978495058786
41.9116598302431, 12.4978419665644
41.9116632884279, 12.4978415495331
41.9116638835323, 12.497857370852
41.9116638835323, 12.497857370852
41.9116638835323, 12.497857370852
41.9116465545505, 12.4979188735931
41.911653777468, 12.4979306992511
41.911653777468, 12.4979306992511
41.911653777468, 12.4979306992511
41.911653777468, 12.4979306992511
41.911653777468, 12.4979306992511
41.911653777468, 12.4979306992511
41.9116389611434, 12.497909394514
41.9116389611434, 12.497909394514
41.9116389611434, 12.497909394514
41.9116389611434, 12.497909394514
41.9116389611434, 12.497909394514
41.9116389611434, 12.497909394514
41.9116389611434, 12.497909394514
41.9116389611434, 12.497909394514
41.9116389611434, 12.497909394514
41.9116389611434, 12.497909394514
41.9116389611434, 12.497909394514
41.9116480832824, 12.4979374607837
41.9116480832825, 12.4979374607839
41.9116480832825, 12.4979374607839
41.9116480832825, 12.4979374607839
41.9116535931789, 12.4979465456743
41.9116535931789, 12.4979465456743
41.9116535931789, 12.4979465456743
41.9116535931789, 12.4979465456743
41.9116535931789, 12.4979465456743
41.9116535931789, 12.4979465456743
41.9116535931789, 12.4979465456743
41.9116535931789, 12.4979465456743
41.9116535931789, 12.4979465456743
41.9116535931789, 12.4979465456743
41.9116535931789, 12.4979465456743
41.9116535931789, 12.4979465456743
41.9116535931789, 12.4979465456743
41.9116535931789, 12.4979465456743
41.9116535931789, 12.4979465456743
41.9116535931789, 12.4979465456743
41.9116535931789, 12.4979465456743
41.9116535931789, 12.4979465456743
41.9116535931789, 12.4979465456743
41.9116535931789, 12.4979465456743
41.9116535931789, 12.4979465456743
41.9116808551956, 12.4979705449221
41.9116808551956, 12.4979705449221
41.9116808551956, 12.4979705449221
41.9116808551956, 12.4979705449221
41.9116808551956, 12.4979705449221
41.9116808551956, 12.4979705449221
41.9116808551956, 12.4979705449221
41.9116808551956, 12.4979705449221
41.9116935099551, 12.4979781750616
41.9116935099551, 12.4979781750616
41.9116935099551, 12.4979781750616
41.9116935099551, 12.4979781750616
41.9116935099551, 12.4979781750616
41.9116935099551, 12.4979781750616
41.9116905145035, 12.4979692177365
41.9116789676336, 12.4979440398946
41.9116686709196, 12.4979312032152
41.9116552851505, 12.4979190150525
41.9116363056602, 12.4978674739957
41.911633755307, 12.4978561838997
41.9116336673584, 12.4978561793685
41.9116336673584, 12.4978561793685
41.9116336673584, 12.4978561793685
41.9115742531739, 12.4978799140465
41.9115559932865, 12.4979262371267
41.9115559932865, 12.4979262371267
41.9115559932865, 12.4979262371267
41.9115480567788, 12.4979140984095
41.9115488020287, 12.4979138589729
41.9115624999515, 12.4978786528621
41.9115926056139, 12.4977840521037
41.9115992061314, 12.4978015148053
41.9115992061314, 12.4978015148053
41.9115992061314, 12.4978015148053
41.9115992061314, 12.4978015148053
41.9115992061314, 12.4978015148053
41.9115992061314, 12.4978015148053
41.9115992061314, 12.4978015148053
41.9115992061314, 12.4978015148053
41.9115992061314, 12.4978015148053
41.9115992061314, 12.4978015148053
41.9116038251184, 12.4978055825457
41.9116038251184, 12.4978055825457
41.9116038251184, 12.4978055825457
41.9116038251184, 12.4978055825457
41.9116023957728, 12.4978585510215
41.9115536853946, 12.49786764347
41.9115536852745, 12.4978676430444
41.9115536852745, 12.4978676430444
41.9115536852745, 12.4978676430444
41.9115536852745, 12.4978676430444
41.9115536852745, 12.4978676430444
41.9115536852745, 12.4978676430444
41.9115536852745, 12.4978676430444
41.9115536852745, 12.4978676430444
41.9116707550004, 12.49781664273
41.9116811514917, 12.4978540367485
41.9116903859165, 12.4978550664015
41.9117024666063, 12.4978459173059
41.911697569813, 12.4978554592956
41.9116658986312, 12.497852705514
41.9116658986312, 12.497852705514
41.9116658986312, 12.497852705514
41.9116658986312, 12.497852705514
41.9116658986312, 12.497852705514
41.9116658986312, 12.497852705514
41.9116658986312, 12.497852705514
41.9116658986312, 12.497852705514
41.9116707273294, 12.4978618830365
41.9116707273294, 12.4978618830365
41.9116707273294, 12.4978618830365
41.9116707273294, 12.4978618830365
41.9116707273294, 12.4978618830365
41.9116707273294, 12.4978618830365
41.9116707273294, 12.4978618830365
41.9116707273294, 12.4978618830365
41.9116707273294, 12.4978618830365
41.9116707273294, 12.4978618830365
41.9116707273294, 12.4978618830365
41.9116707273294, 12.4978618830365
41.9116707273294, 12.4978618830365
41.9116707273294, 12.4978618830365
41.9116707273294, 12.4978618830365
41.9116707273294, 12.4978618830365
41.9116707273294, 12.4978618830365
41.9116707273294, 12.4978618830365
41.9116707273294, 12.4978618830365
41.9116707273294, 12.4978618830365
41.9116667364647, 12.4978669428998
41.9116667364647, 12.4978669428998
41.9116667364647, 12.4978669428998
41.9116667364647, 12.4978669428998
41.9116667364647, 12.4978669428998
41.9116667364647, 12.4978669428998
41.9116667364647, 12.4978669428998
41.9116667364647, 12.4978669428998
41.9116667364647, 12.4978669428998
41.9116667364647, 12.4978669428998
41.9116667364647, 12.4978669428998
41.911666395862, 12.4978815530346
41.9116663635135, 12.497881604383
41.9116482975191, 12.4979759955941
41.9116482975191, 12.4979759955941
41.9116482975191, 12.4979759955941
41.9116237648524, 12.4979550081641
41.9116009598677, 12.4979799251084
41.9115686839575, 12.4979889735611
41.9115686839575, 12.4979889735611
41.9115645309123, 12.4979731668193
41.9115085617813, 12.4979247049396
41.9114912918059, 12.4979556699846
41.9115201864958, 12.4978770186163
41.9115527600413, 12.4978719072816
41.9115527600413, 12.4978719072816
41.9115527600413, 12.4978719072816
41.9115527600413, 12.4978719072816
41.9115527600413, 12.4978719072816
41.9115527600413, 12.4978719072816
41.9115527600413, 12.4978719072816
41.9115524309599, 12.4978609149909
41.9115479149311, 12.4978299578538
41.9115479149311, 12.4978299578538
41.9115479149311, 12.4978299578538
41.9115479149311, 12.4978299578538
41.9115479149311, 12.4978299578538
41.9115479149311, 12.4978299578538
41.9115479149311, 12.4978299578538
41.9115479149311, 12.4978299578538
41.9115479149311, 12.4978299578538
41.9115479149311, 12.4978299578538
41.9115479149311, 12.4978299578538
41.9115479149311, 12.4978299578538
41.9115479149311, 12.4978299578538
41.9115479149311, 12.4978299578538
41.9115479149311, 12.4978299578538
41.9115479149311, 12.4978299578538
41.9115479149311, 12.4978299578538
41.9115479149311, 12.4978299578538
41.9115479149311, 12.4978299578538
41.9115479149311, 12.4978299578538
41.9115479149311, 12.4978299578538
41.9115479149311, 12.4978299578538
41.9115479149311, 12.4978299578538
41.9115479149311, 12.4978299578538
41.9115479149311, 12.4978299578538
41.9115479149311, 12.4978299578538
41.9115479149311, 12.4978299578538
41.9115479149311, 12.4978299578538
41.9115479149311, 12.4978299578538
41.9115479149311, 12.4978299578538
41.9115479149311, 12.4978299578538
41.9115479149311, 12.4978299578538
41.9115479149311, 12.4978299578538
41.9115479149311, 12.4978299578538
41.9115479149311, 12.4978299578538
41.9115479149311, 12.4978299578538
41.9115479149311, 12.4978299578538
41.9115479149311, 12.4978299578538
41.9115479149311, 12.4978299578538
41.9115479149311, 12.4978299578538
41.9115479149311, 12.4978299578538
41.9115479149311, 12.4978299578538
41.9115479149311, 12.4978299578538
41.9115479149311, 12.4978299578538
41.9115479149311, 12.4978299578538
41.9115479149311, 12.4978299578538
41.9115479149311, 12.4978299578538
41.9115479149311, 12.4978299578538
41.9115479149311, 12.4978299578538
41.9115479149311, 12.4978299578538
41.9115479149311, 12.4978299578538
41.9115479149311, 12.4978299578538
41.9115479149311, 12.4978299578538
41.9115479149311, 12.4978299578538
41.9115479149311, 12.4978299578538
41.9115479149311, 12.4978299578538
41.9115479149311, 12.4978299578538
41.9115479149311, 12.4978299578538
41.9115479149311, 12.4978299578538
41.9115479149311, 12.4978299578538
41.9115479149311, 12.4978299578538
41.9115479149311, 12.4978299578538
41.9115479149311, 12.4978299578538
41.9115479149311, 12.4978299578538
41.9115479149311, 12.4978299578538
41.9115479149311, 12.4978299578538
41.9115479149311, 12.4978299578538
41.9115479149311, 12.4978299578538
41.9115479149311, 12.4978299578538
41.9115479149311, 12.4978299578538
41.9115479149311, 12.4978299578538
41.9115479149311, 12.4978299578538
41.9115479149311, 12.4978299578538
41.9115479149311, 12.4978299578538
41.9115479149311, 12.4978299578538
41.9115899122781, 12.497953750535
41.9115839376457, 12.4979716046588
41.9115622463265, 12.4980089268781
41.9115622463265, 12.4980089268781
41.9115622463265, 12.4980089268781
41.9115622463265, 12.4980089268781
41.9115622463265, 12.4980089268781
41.9115622463265, 12.4980089268781
41.9115622463265, 12.4980089268781
41.9115622463265, 12.4980089268781
41.9115622463265, 12.4980089268781
41.9115622463265, 12.4980089268781
41.9115622463265, 12.4980089268781
41.9115622463265, 12.4980089268781
41.9115622463265, 12.4980089268781
41.9115622463265, 12.4980089268781
41.9115622463265, 12.4980089268781
41.911569098391, 12.4980143608368
41.911569098391, 12.4980143608368
41.911569098391, 12.4980143608368
41.911569098391, 12.4980143608368
41.911569098391, 12.4980143608368
41.911569098391, 12.4980143608368
41.9115979195958, 12.4980175313235
41.9116656357879, 12.4980113927531
41.9116656357879, 12.4980113927531
41.9116656357879, 12.4980113927531
41.9116656357879, 12.4980113927531
41.9116687745594, 12.4980194667045
41.9116688375687, 12.4980195288469
41.9116688375687, 12.4980195288469
41.9116688375687, 12.4980195288469
41.9116688375687, 12.4980195288469
41.9117721064776, 12.4981004832773
41.9117746441151, 12.4981067722307
41.9117746441151, 12.4981067722307
41.9117746441151, 12.4981067722307
41.9117746441151, 12.4981067722307
41.9117746441151, 12.4981067722307
41.9117746441151, 12.4981067722307
41.9117746441151, 12.4981067722307
41.9117746441151, 12.4981067722307
41.9117746441151, 12.4981067722307
41.9117731256291, 12.4981029846478
41.9117731256291, 12.4981029846478
41.9117573451111, 12.4980333338647
41.9117573451111, 12.4980333338647
41.9117573451111, 12.4980333338647
41.9117573451111, 12.4980333338647
41.9117573451111, 12.4980333338647
41.9117573451111, 12.4980333338647
41.9117573451111, 12.4980333338647
41.9117573451111, 12.4980333338647
41.9117573451111, 12.4980333338647
41.9117573451111, 12.4980333338647
41.9117655211284, 12.498027365809
41.9117788621046, 12.498008249368
41.9110720249956, 12.4979798952159
41.9110364467273, 12.4962330279246
41.9110336845565, 12.4940981900029
41.9100719361924, 12.490472684714
41.9092417314177, 12.4868578652302
41.9094175458429, 12.4835725323185
41.911436111733, 12.481256551154
41.9130558841161, 12.4805521030148
41.9120111031621, 12.4773191507924
41.9113871554688, 12.4744413162803
41.9104907418615, 12.473284395932
