41.8831320070125, 12.4691119423016
41.8844186640398, 12.4701691830499
41.8848587597903, 12.4706015377326
41.8848587597903, 12.4706015377326
41.8848587597903, 12.4706015377326
41.8853105240386, 12.4709875470483
41.8862706665712, 12.4718009338778
41.887531450404, 12.4727391016103
41.8884117302414, 12.4735426119477
41.8884117302414, 12.4735426119477
41.888573420912, 12.4736936074727
41.8892492137796, 12.4741319191723
41.8893283245654, 12.4741649902943
41.8900553605015, 12.4743031500014
41.8900955236895, 12.4743164565712
41.8906175113895, 12.4744972337907
41.8914825434652, 12.4745610887431
41.8914825434652, 12.4745610887431
41.8914825434652, 12.4745610887431
41.8914825434652, 12.4745610887431
41.8914825434652, 12.4745610887431
41.891577633946, 12.4745758779143
41.8926055029168, 12.4749013094063
41.8934163133189, 12.4755142597979
41.8943542406637, 12.4762415131086
41.8948440174224, 12.4770802395
41.8949842723269, 12.4786492307065
41.8950418772779, 12.4799470318293
41.8946221976569, 12.481071766729
41.8941801009788, 12.4819320053862
41.8952922373166, 12.4822110791411
41.8961925929622, 12.4826233560015
41.8967125799298, 12.4822525305564
41.8969952239964, 12.4821403996498
41.8986967697213, 12.4813873465704
41.8995617155367, 12.4810490630409
41.8997292721519, 12.4808766958338
41.8997292721519, 12.4808766958338
41.8998881139433, 12.4807971700129
41.8998881139433, 12.4807971700129
41.8998881139433, 12.4807971700129
41.900405917706, 12.4806266756255
41.9009628740493, 12.4803562473469
41.9011618180562, 12.4804237028119
41.9015692775994, 12.4809887585279
41.9019733156952, 12.4813732716254
41.9021967788636, 12.4809919824454
41.9020604272838, 12.4807471217675
41.9020604272838, 12.4807471217675
41.901996366402, 12.480517326019
41.9019744068741, 12.4804256738203
41.9019744068741, 12.4804256738203
41.9020911308628, 12.4800267202772
41.9023093640619, 12.4798685820189
41.9023093640619, 12.4798685820189
41.9024346330753, 12.479758961741
41.9024086654698, 12.4782479357024
41.9024418367059, 12.4777596438968
41.9025633201254, 12.4770799303612
41.902526729136, 12.4762519277857
41.9027119453544, 12.4755060542112
41.9032334518704, 12.4749150709509
41.9033444186662, 12.4741574269667
41.9038835994924, 12.4745040844182
41.9046906096024, 12.4749269677119
41.9050135698709, 12.474046000531
41.9050093792267, 12.4735270442593
41.9041999197863, 12.4730155707797
41.903780793186, 12.4724220719729
41.9037632007727, 12.4723427697668
41.9037632007727, 12.4723427697668
41.903737344734, 12.4722166834233
