41.9203266666667, 12.4466583333333
41.918835, 12.4457616666667
41.918455, 12.4456383333333
41.918565, 12.44573
41.91857, 12.44572
41.91857, 12.44572
41.91857, 12.44572
41.91857, 12.44572
41.91857, 12.44572
41.91857, 12.44572
41.91857, 12.44572
41.91857, 12.44572
41.91857, 12.44572
41.91857, 12.44572
41.91857, 12.44572
41.91857, 12.44572
41.91857, 12.44572
41.91857, 12.44572
41.91857, 12.44572
41.91857, 12.44572
41.91857, 12.44572
41.91857, 12.44572
41.91857, 12.44572
41.91857, 12.44572
41.91857, 12.44572
41.91857, 12.44572
41.91857, 12.44572
41.91857, 12.44572
41.91857, 12.44572
41.91857, 12.44572
41.91857, 12.44572
41.91857, 12.44572
41.91857, 12.44572
41.91857, 12.44572
41.91857, 12.44572
41.91857, 12.44572
41.91857, 12.44572
41.91857, 12.44572
41.9186166666667, 12.4456083333333
41.9186166666667, 12.4456083333333
41.9186166666667, 12.4456083333333
41.9186166666667, 12.4456083333333
41.9186166666667, 12.4456083333333
41.9186166666667, 12.4456083333333
41.9186166666667, 12.4456083333333
41.9186166666667, 12.4456083333333
41.9186166666667, 12.4456083333333
41.9186166666667, 12.4456083333333
41.9186166666667, 12.4456083333333
41.9186166666667, 12.4456083333333
41.9186166666667, 12.4456083333333
41.9186166666667, 12.4456083333333
41.9186166666667, 12.4456083333333
41.9186166666667, 12.4456083333333
41.9186166666667, 12.4456083333333
41.9186166666667, 12.4456083333333
41.9186166666667, 12.4456083333333
41.9186166666667, 12.4456083333333
41.9186166666667, 12.4456083333333
41.9186166666667, 12.4456083333333
41.9186166666667, 12.4456083333333
41.9186166666667, 12.4456083333333
41.9186166666667, 12.4456083333333
41.9186166666667, 12.4456083333333
41.9186166666667, 12.4456083333333
41.9186166666667, 12.4456083333333
41.9186166666667, 12.4456083333333
41.9186166666667, 12.4456083333333
41.9186166666667, 12.4456083333333
41.9186166666667, 12.4456083333333
41.9186166666667, 12.4456083333333
41.9186166666667, 12.4456083333333
41.9186166666667, 12.4456083333333
41.9186166666667, 12.4456083333333
41.9186166666667, 12.4456083333333
41.9186166666667, 12.4456083333333
41.9186166666667, 12.4456083333333
41.9186166666667, 12.4456083333333
41.91865, 12.4457233333333
41.91865, 12.4457233333333
41.91865, 12.4457233333333
41.91865, 12.4457233333333
41.91865, 12.4457233333333
41.91865, 12.4457233333333
41.91865, 12.4457233333333
41.91865, 12.4457233333333
41.91865, 12.4457233333333
41.91865, 12.4457233333333
41.91865, 12.4457233333333
41.91865, 12.4457233333333
41.91865, 12.4457233333333
41.91865, 12.4457233333333
41.91865, 12.4457233333333
41.91865, 12.4457233333333
41.91865, 12.4457233333333
41.91865, 12.4457233333333
41.91865, 12.4457233333333
41.91865, 12.4457233333333
41.91865, 12.4457233333333
41.91865, 12.4457233333333
41.91865, 12.4457233333333
41.91865, 12.4457233333333
41.91865, 12.4457233333333
41.91865, 12.4457233333333
41.91865, 12.4457233333333
41.91865, 12.4457233333333
41.91865, 12.4457233333333
41.9187283333333, 12.44566
41.9187283333333, 12.44566
41.9187283333333, 12.44566
41.9187283333333, 12.44566
41.9187283333333, 12.44566
41.9187283333333, 12.44566
41.9187283333333, 12.44566
41.9188216666667, 12.4456483333333
41.9188216666667, 12.4456483333333
41.9188216666667, 12.4456483333333
41.9188216666667, 12.4456483333333
41.9188216666667, 12.4456483333333
41.9188216666667, 12.4456483333333
41.9188983333333, 12.44558
41.9188983333333, 12.44558
41.9188983333333, 12.44558
41.9188983333333, 12.44558
41.9188383333333, 12.4454833333333
41.9188366666667, 12.4454816666667
41.9188366666667, 12.4454816666667
41.918805, 12.4453633333333
41.91879, 12.4453433333333
41.91879, 12.4453433333333
41.91879, 12.4453433333333
41.91879, 12.4453433333333
41.91879, 12.4453433333333
41.91879, 12.4453433333333
41.91879, 12.4453433333333
41.91879, 12.4453433333333
41.91879, 12.4453433333333
41.91879, 12.4453433333333
41.91879, 12.4453433333333
41.91879, 12.4453433333333
41.91879, 12.4453433333333
41.91879, 12.4453433333333
41.91879, 12.4453433333333
41.91879, 12.4453433333333
41.9188833333333, 12.445355
41.918885, 12.4453533333333
41.918885, 12.4453533333333
41.918885, 12.4453533333333
41.918885, 12.4453533333333
41.918885, 12.4453533333333
41.918885, 12.4453533333333
41.91882, 12.4452583333333
41.91882, 12.4452583333333
41.918745, 12.44534
41.918745, 12.44534
41.918715, 12.4454833333333
41.918715, 12.4454833333333
41.9187016666667, 12.4456316666667
41.9187016666667, 12.4456316666667
41.9187016666667, 12.4456316666667
41.9187183333333, 12.445755
41.9187183333333, 12.445755
41.9187183333333, 12.445755
41.9187183333333, 12.445755
41.9187183333333, 12.445755
41.9187183333333, 12.445755
41.9187183333333, 12.445755
41.9187183333333, 12.445755
41.9187183333333, 12.445755
41.9187183333333, 12.445755
41.9187183333333, 12.445755
41.9187183333333, 12.445755
41.9187183333333, 12.445755
41.9187183333333, 12.445755
41.9187183333333, 12.445755
41.9187183333333, 12.445755
41.9187183333333, 12.445755
41.9187183333333, 12.445755
41.9187183333333, 12.445755
41.91881, 12.445735
41.9188583333333, 12.4457416666667
41.918225, 12.4455766666667
41.91775, 12.4455233333333
41.91775, 12.4455233333333
41.9176166666667, 12.445115
41.9171733333333, 12.4445966666667
41.9167166666667, 12.444665
41.9165566666667, 12.4450716666667
41.9165666666667, 12.445045
41.91657, 12.445035
41.91657, 12.445035
41.91657, 12.445035
41.91657, 12.445035
41.91657, 12.445035
41.91657, 12.445035
41.91657, 12.445035
41.91657, 12.445035
41.91657, 12.445035
41.91657, 12.445035
41.91657, 12.445035
41.91657, 12.445035
41.91657, 12.445035
41.91657, 12.445035
41.91657, 12.445035
41.91657, 12.445035
41.91657, 12.445035
41.91657, 12.445035
41.91657, 12.445035
41.91657, 12.445035
41.9165416666667, 12.4451716666667
41.9165416666667, 12.4451716666667
41.9165416666667, 12.4451716666667
41.9165416666667, 12.4451716666667
41.9165416666667, 12.4451716666667
41.9165416666667, 12.4451716666667
41.9165416666667, 12.4451716666667
41.9165416666667, 12.4451716666667
41.9165416666667, 12.4451716666667
41.91651, 12.445315
41.91651, 12.445315
41.91651, 12.445315
41.91651, 12.445315
41.916565, 12.445195
41.916435, 12.4456666666667
41.9164266666667, 12.4457516666667
41.916305, 12.4459133333333
41.9149666666667, 12.4462766666667
41.9132766666667, 12.4463583333333
41.912265, 12.445965
41.912265, 12.445965
41.9122566666667, 12.44592
41.9122466666667, 12.44579
41.912295, 12.4454533333333
41.9123, 12.445415
41.9123, 12.445415
41.9122883333333, 12.4452733333333
41.9123266666667, 12.44504
41.9123316666667, 12.44499
41.91232, 12.4449683333333
41.91232, 12.4449683333333
41.9123416666667, 12.4448366666667
41.9123566666667, 12.4447716666667
41.9123883333333, 12.4446783333333
41.912425, 12.4446433333333
41.912425, 12.4446433333333
41.912425, 12.4446433333333
41.9124633333333, 12.4445983333333
41.912675, 12.4444533333333
41.912905, 12.4443616666667
41.912965, 12.4443216666667
41.91301, 12.44432
41.9130533333333, 12.444315
41.91329, 12.44423
41.91329, 12.4442316666667
41.91329, 12.4442316666667
41.91332, 12.4442133333333
41.9135466666667, 12.4441266666667
41.913575, 12.4441233333333
41.9136083333333, 12.4441383333333
41.9136083333333, 12.4441383333333
41.9137416666667, 12.4439116666667
41.9137433333333, 12.4438983333333
41.9137433333333, 12.4438983333333
41.9137766666667, 12.4438283333333
41.9137016666667, 12.4435933333333
41.9135883333333, 12.44355
41.9135883333333, 12.44355
41.913565, 12.4435816666667
41.91284, 12.4435683333333
41.9125016666667, 12.44349
41.9125016666667, 12.44349
41.9125016666667, 12.44349
41.9120216666667, 12.4434566666667
41.91147, 12.4438916666667
41.9112933333333, 12.4442083333333
41.9112483333333, 12.4443233333333
41.9112483333333, 12.4443233333333
41.91106, 12.4450166666667
41.9101016666667, 12.4471783333333
41.9101016666667, 12.4471783333333
41.9101016666667, 12.4471783333333
41.9101033333333, 12.4471933333333
41.9101033333333, 12.4471933333333
41.9099883333333, 12.44754
41.9094883333333, 12.4485183333333
41.90949, 12.4485183333333
41.90949, 12.4485183333333
41.9094683333333, 12.4485783333333
41.9091, 12.4494466666667
41.9094333333333, 12.4508733333333
41.90961, 12.4516416666667
41.9098866666667, 12.4527233333333
41.9100866666667, 12.4535283333333
41.9103166666667, 12.454435
41.9103183333333, 12.454745
41.90993, 12.4549233333333
41.9094483333333, 12.4550466666667
41.9093416666667, 12.4551016666667
41.9093416666667, 12.4551016666667
41.9088116666667, 12.45525
41.9088116666667, 12.45525
41.90878, 12.4554533333333
41.908875, 12.4557583333333
41.9090783333333, 12.4563833333333
41.9092666666667, 12.4572416666667
41.9092666666667, 12.4572783333333
41.9092583333333, 12.4574083333333
41.9092533333333, 12.4574616666667
41.90997, 12.4579333333333
41.910845, 12.458015
41.9113466666667, 12.458645
41.9118866666667, 12.460695
41.912545, 12.4633216666667
41.9130683333333, 12.4656083333333
