41.9236416666667, 12.50713
41.9230283333333, 12.5065266666667
41.9220916666667, 12.5057283333333
41.9220783333333, 12.5056766666667
41.9217716666667, 12.5053466666667
41.9217783333333, 12.5053566666667
41.9217783333333, 12.5053566666667
41.9217783333333, 12.5053566666667
41.9217783333333, 12.5053566666667
41.9217783333333, 12.5053566666667
41.9217783333333, 12.5053566666667
41.9217783333333, 12.5053566666667
41.9217783333333, 12.5053566666667
41.9217783333333, 12.5053566666667
41.9217783333333, 12.5053566666667
41.9217633333333, 12.5053616666667
41.9217633333333, 12.5053616666667
41.9217633333333, 12.5053616666667
41.9217633333333, 12.5053616666667
41.9217633333333, 12.5053616666667
41.9217633333333, 12.5053616666667
41.92177, 12.505345
41.9218383333333, 12.5053366666667
41.9218383333333, 12.5053366666667
41.9218383333333, 12.5053366666667
41.9218383333333, 12.5053366666667
41.9218383333333, 12.5053366666667
41.92187, 12.505315
41.92187, 12.505315
41.92187, 12.505315
41.92187, 12.505315
41.9217583333333, 12.5053166666667
41.9217533333333, 12.5053066666667
41.9217533333333, 12.5053066666667
41.9217533333333, 12.5053066666667
41.92195, 12.50543
41.9219766666667, 12.50544
41.9219016666667, 12.5054033333333
41.9219033333333, 12.5053516666667
41.9219033333333, 12.5053516666667
41.9218566666667, 12.5053683333333
41.9218866666667, 12.5053416666667
41.9218866666667, 12.5053416666667
41.9218866666667, 12.5053416666667
41.9218866666667, 12.5053416666667
41.9218866666667, 12.5053416666667
41.9218866666667, 12.5053416666667
41.9220133333333, 12.505395
41.921985, 12.50538
41.921975, 12.50537
41.92184, 12.5052583333333
41.92184, 12.5052583333333
41.92171, 12.5052933333333
41.9217533333333, 12.5053516666667
41.92123, 12.5047616666667
41.9208266666667, 12.5040583333333
41.9201983333333, 12.5031766666667
41.91973, 12.5024883333333
41.919355, 12.5020216666667
41.9187266666667, 12.5010733333333
41.918595, 12.50089
41.918345, 12.5005333333333
41.9183383333333, 12.5001916666667
41.9186733333333, 12.499615
41.9195266666667, 12.4984333333333
41.9206033333333, 12.497115
41.9214566666667, 12.4953016666667
41.922085, 12.4933233333333
41.9222416666667, 12.493005
41.9222416666667, 12.493005
41.9222416666667, 12.493005
41.9222566666667, 12.4929883333333
41.9222333333333, 12.4922983333333
41.92129, 12.4922083333333
41.92075, 12.4916783333333
41.9195266666667, 12.490795
41.9191133333333, 12.4900266666667
41.919605, 12.4881583333333
41.919675, 12.4870566666667
41.9188783333333, 12.48566
41.918205, 12.48434
41.9180416666667, 12.4842516666667
41.9180416666667, 12.4842516666667
41.9174466666667, 12.4839933333333
41.916185, 12.4829466666667
41.9166316666667, 12.4814966666667
41.9162166666667, 12.4805866666667
41.915755, 12.4815366666667
41.9157383333333, 12.4823783333333
41.9157733333333, 12.482405
41.9157733333333, 12.482405
41.9157733333333, 12.482405
41.9157733333333, 12.482405
41.9157733333333, 12.482405
41.9157733333333, 12.482405
41.9157733333333, 12.482405
41.9157366666667, 12.482315
41.91629, 12.4819633333333
41.91666, 12.4816366666667
41.9173233333333, 12.4801416666667
41.91828, 12.4793783333333
41.91881, 12.4776733333333
41.9190816666667, 12.4756983333333
