41.9021936706784, 12.48119283334
41.9019378097341, 12.4802749336234
41.90144212236, 12.4804714920009
41.9015708360156, 12.4809870468969
41.9015708360156, 12.4809870468969
41.9015708360156, 12.4809870468969
41.9015708360156, 12.4809870468969
41.9015708360156, 12.4809870468969
41.9015708360156, 12.4809870468969
41.9020614253735, 12.4824753712571
41.9024289495268, 12.484121295614
41.9026221568243, 12.485026338712
41.9027193348283, 12.4855520095729
41.9029822868431, 12.4854228999829
41.9033481148938, 12.4848268589308
41.9037102727785, 12.4845444468307
41.9042180513949, 12.4839414606522
41.9047707974498, 12.4833359463206
41.9043528412092, 12.4831201492992
41.9038953846782, 12.4833425359088
41.9036602707972, 12.4830127631559
41.9033579343856, 12.4821346776704
41.9028717376329, 12.4809869695307
41.9027409862316, 12.4805278395683
41.9024858511418, 12.4797968951803
41.9015855798566, 12.4802352560374
41.9017237407575, 12.4812887228864
41.9018390154444, 12.4814039062607
41.9021315331471, 12.4812918448637
41.9020578587144, 12.4807355444601
41.9019631942883, 12.4806167231817
41.901870467909, 12.480732794132
41.901870467909, 12.480732794132
41.901870467909, 12.480732794132
41.901870467909, 12.480732794132
41.901870467909, 12.480732794132
41.901870467909, 12.480732794132
41.901870467909, 12.480732794132
41.901870467909, 12.480732794132
41.901870467909, 12.480732794132
41.901870467909, 12.480732794132
41.901870467909, 12.480732794132
41.901870467909, 12.480732794132
41.901817917479, 12.4807059781509
41.901817917479, 12.4807059781509
41.901817917479, 12.4807059781509
41.901817917479, 12.4807059781509
41.9018178143448, 12.480714103044
41.9017890162073, 12.4808309397564
41.9017866368327, 12.4808320384238
41.9017731482437, 12.4807201366766
41.9017897321079, 12.4806499788083
41.9017997611424, 12.4806314811816
41.9017949294361, 12.4806340511586
41.901799170158, 12.4806400468325
41.9018603811945, 12.480657013194
41.9018655840608, 12.4806983725917
41.9018633606735, 12.4807022582041
41.9018651310612, 12.4806774669508
41.901853220506, 12.4806757940571
41.9018627272544, 12.4806980318472
41.9018511201428, 12.4807564078759
41.9018190985025, 12.4807591249684
41.9016683804701, 12.4807528529961
41.9017609088902, 12.4807673204701
41.9017785384752, 12.4807691192781
41.9017949824286, 12.4807835907313
41.9018012029779, 12.480746020322
41.9018012029778, 12.480746020322
41.9018012029778, 12.480746020322
41.9018012029778, 12.480746020322
41.9018012029778, 12.480746020322
41.9018012029778, 12.480746020322
41.9018012029778, 12.480746020322
41.9018012029778, 12.480746020322
41.9018012029778, 12.480746020322
41.9017612831134, 12.4807813174189
41.9017728772877, 12.480775816305
41.9017784630177, 12.480751468333
41.9017784630177, 12.480751468333
41.9017784630177, 12.480751468333
41.9017784630177, 12.480751468333
41.9017784630177, 12.480751468333
41.9017347014672, 12.4806928534072
41.9017173313647, 12.4806638743966
41.9017092706526, 12.4806549947909
41.9017092706526, 12.4806549947909
41.9016374201991, 12.480672013557
41.9016374201991, 12.480672013557
41.9016374201991, 12.480672013557
41.9016374201991, 12.480672013557
41.9016374201991, 12.480672013557
41.901461339073, 12.4806121837738
41.9014338294988, 12.4806893331412
41.9014241044599, 12.4807037907658
41.9014207878315, 12.4807972080763
41.9014108502434, 12.4808214125665
41.9014959587401, 12.4808858440449
41.9015765861122, 12.480918768572
41.9017153923734, 12.4808284174528
41.901726453112, 12.4807840648331
41.901600444138, 12.4808992564177
41.901625881569, 12.4809665855849
41.9016253324082, 12.4809715721001
41.9016288645495, 12.4809719050837
41.9016648516822, 12.4808725760617
41.9016648508028, 12.4808725761424
41.9016718663237, 12.4808543290067
41.901669237657, 12.4808047801708
41.901669440137, 12.4807413960402
41.9016763883785, 12.480736254911
41.9016591664693, 12.4806928912542
41.9016796535421, 12.4808094113712
41.9016774176127, 12.4808274938797
41.9016849720993, 12.4808225151472
41.9016177422682, 12.4808692590235
41.9016217548377, 12.4808058532103
41.9017364614257, 12.4806538220156
41.901784050586, 12.4806258287388
41.9018018584872, 12.4805944238023
41.9017962319476, 12.4805596931863
41.9018560925085, 12.4806799337792
41.9018472704059, 12.4807004446265
41.9018262994193, 12.4806985016968
41.9018121817825, 12.4806770324103
41.9017810255577, 12.4807392027602
41.9017810255545, 12.4807392027672
41.9017804544279, 12.4807354565169
41.9017810450611, 12.4807313000801
41.9017810450611, 12.4807313000801
41.9017787967209, 12.4807247954398
41.9017787967209, 12.4807247954398
41.9017787967209, 12.4807247954398
41.9017787967209, 12.4807247954398
41.9017787967209, 12.4807247954398
41.9017787967209, 12.4807247954398
41.9017787967209, 12.4807247954398
41.9018231226824, 12.4806282594609
41.9018231226824, 12.4806282594609
41.9018231226824, 12.4806282594609
41.9018231226824, 12.4806282594609
41.9018231226824, 12.4806282594609
41.9018231226824, 12.4806282594609
41.9018231226824, 12.4806282594609
41.9018135281866, 12.4806118820522
41.9018135281866, 12.4806118820522
41.9018135281866, 12.4806118820522
41.9017984776601, 12.4806175823702
41.9017710067146, 12.4806504318199
41.9017710067146, 12.4806504318199
41.9017710067146, 12.4806504318199
41.9017710067146, 12.4806504318199
41.9017710067146, 12.4806504318199
41.9017710067146, 12.4806504318199
41.9017710067146, 12.4806504318199
41.9017710067146, 12.4806504318199
41.9016822431892, 12.480587483736
41.901741621457, 12.4805529749222
41.9017858362265, 12.4806095761373
41.9017858362265, 12.4806095761373
41.9017858362265, 12.4806095761373
41.9017858362265, 12.4806095761373
41.9017352135196, 12.4806193084375
41.9017306955982, 12.480585361939
41.9018318571041, 12.4804989885436
41.9018005604285, 12.4804978457062
41.9018033993374, 12.4805319188373
41.9017684550351, 12.480552420484
41.9017467471338, 12.4805454327711
41.9017467471338, 12.4805454327711
41.9017416936292, 12.4805465120568
41.9017392063686, 12.480543847525
41.9017341570734, 12.4805495282889
41.9015774857247, 12.4805284246154
41.9015774857247, 12.4805284246154
41.9015774857247, 12.4805284246154
41.9015774857247, 12.4805284246154
41.9015673388393, 12.4805166537046
41.9015673388393, 12.4805166537046
41.9015673388393, 12.4805166537046
41.9015605611393, 12.4805232290772
41.9015605611393, 12.4805232290772
41.9015605611393, 12.4805232290772
41.9015605611393, 12.4805232290772
41.9015605611393, 12.4805232290772
41.9015445780914, 12.480552470462
41.9015486749947, 12.4805743763709
41.9015408739795, 12.4806001741702
41.9015408739795, 12.4806001741702
41.9015408739795, 12.4806001741702
41.9015408739795, 12.4806001741702
41.901592789903, 12.4807686086044
41.9017009012695, 12.4807306480957
41.9016476663212, 12.4808016284976
41.9016047068798, 12.4808344219037
41.9016092583382, 12.4808144762412
41.9016380469045, 12.4806813275726
41.9015959330359, 12.4807050919
41.9016173283734, 12.4807480995863
41.9016949921885, 12.4808006480982
41.9017284923613, 12.4808159867561
41.9017284923613, 12.4808159867561
41.9017284923613, 12.4808159867561
41.9017284923613, 12.4808159867561
41.9017284923613, 12.4808159867561
41.9017284923613, 12.4808159867561
41.9016798511978, 12.4807825522849
41.9016798511978, 12.4807825522849
41.901551940557, 12.4807168363569
41.9015322980133, 12.4807747972847
41.9015401697102, 12.480812177161
41.9015345512341, 12.4808342380736
41.9015616796911, 12.4808704246207
41.9015805193843, 12.4808609499811
41.9015777575411, 12.4808222399081
41.9015700821538, 12.4808071812328
41.9015700821538, 12.4808071812328
41.9015706242037, 12.4807998173755
41.9015730298459, 12.4807884618395
41.9015803935482, 12.4807767364497
41.9015803935482, 12.4807767364497
41.9016455341601, 12.4809582410776
41.9020679471242, 12.4813755894593
41.9020974897776, 12.4807086405825
41.9019274582838, 12.4803593365615
41.9016314688263, 12.480284262391
41.9006943295886, 12.4804690806361
41.8994345673453, 12.4811112504544
41.8988546616956, 12.4813208782938
41.8977988899447, 12.4817854638202
41.8967868561372, 12.4818409475956
41.8967868561372, 12.4818409475956
41.8963650474113, 12.4820057995255
41.8956654543724, 12.4822321740642
41.8951741357112, 12.4813071496345
41.8944499300267, 12.4811490707357
41.8938398095033, 12.4817710426064
41.8928972163883, 12.4810728782488
41.8919654200904, 12.4802135477297
41.8908903232721, 12.4802788521261
41.890960239221, 12.4791870539537
41.8912540652327, 12.4787620617071
41.8912540652327, 12.4787620617071
41.8918481203788, 12.4775279494903
41.8919236391099, 12.4755013577398
41.8917142096909, 12.4745688557329
41.8910728677748, 12.4744604451418
41.8904125219386, 12.4744038614086
41.8900140704731, 12.4742508760219
41.8899431634883, 12.4741924714529
41.8899431634883, 12.4741924714529
41.8894625054967, 12.4741065101639
41.8886207714943, 12.4737966916861
41.8877461864458, 12.4730275083464
41.8873599904881, 12.4726768001774
41.8873599904881, 12.4726768001774
41.8869314043331, 12.4723315307067
41.8861712230524, 12.4717447612992
41.8861184234243, 12.4717177897573
41.8861184234243, 12.4717177897573
41.8858595858074, 12.4717019847787
