41.9024779718798, 12.4585475675399
41.9024779718798, 12.4585475675399
41.9024779718798, 12.4585475675399
41.9024779718798, 12.4585475675399
41.9024779718798, 12.4585475675399
41.9024779718798, 12.4585475675399
41.9024779718798, 12.4585475675399
41.9024779718798, 12.4585475675399
41.9024779718798, 12.4585475675399
41.9025170416954, 12.4583872624174
41.9016947149403, 12.4583305350981
41.9011066065471, 12.4571092979323
41.9009053286683, 12.4565984598131
41.9002292151659, 12.4567259009796
41.9000829519909, 12.4572837186326
41.8996189052784, 12.4613584694195
41.8996537333396, 12.4618919242036
41.8997695438111, 12.4636331933308
41.8998874993205, 12.4656423070573
41.8993565219574, 12.4667072994578
41.8982785969783, 12.4680669172729
41.8975044618636, 12.4696457272285
41.8970720186639, 12.4716815600206
41.8966895802859, 12.4733621379609
41.8964133333301, 12.4749634960066
41.8962155631546, 12.4762371058146
41.8962155631546, 12.4762371058146
41.8960508342916, 12.4762907895873
41.895236256093, 12.4763934493043
41.8948387097821, 12.4771290919462
41.8949382625066, 12.4790901850278
41.8950341065648, 12.4806657573933
41.8942190612381, 12.4813662381484
41.8947046049972, 12.4821728596825
41.895569149807, 12.4826834614656
41.8949692055763, 12.4839991172574
41.8941252961824, 12.4854523763206
41.8933031046254, 12.4869040546132
41.8931888513292, 12.4871354994392
41.8931888513292, 12.4871354994392
41.8932493555025, 12.4879028922049
41.8937868383114, 12.489695812278
41.8941283061435, 12.4909058901651
41.8941283061435, 12.4909058901651
41.8941283061435, 12.4909058901651
41.8941283061435, 12.4909058901651
41.8941283061435, 12.4909058901651
41.8943140225923, 12.4919728835338
41.8947422571817, 12.4934011365575
41.8957104056806, 12.494422252737
