41.8885871337435, 12.4825577568292
41.8889626055332, 12.4819981997964
41.8896594175801, 12.4810570848593
41.8907670567265, 12.4806189202379
41.8923272198686, 12.4804203818214
41.8932768860106, 12.4813940755019
41.8943712723031, 12.4820303800307
41.8950639210851, 12.4820718833536
41.895764541756, 12.4827404254871
41.896260625861, 12.4825868523107
41.8968712620998, 12.4821015425249
41.897748780552, 12.4817065794727
41.8986607963903, 12.4813176956252
41.8991159208791, 12.4811475780646
41.9000579385369, 12.480843541944
41.9008684947721, 12.4804826531048
41.9014961478016, 12.4804749055929
41.9016378641988, 12.4810534964857
41.9018668535155, 12.4816833637521
41.9020223421997, 12.4824550971216
41.9024089062055, 12.4840086696803
41.9026617464269, 12.4849255036041
41.9027208249077, 12.4852902564951
41.9030998650918, 12.4854283650327
41.9036935368123, 12.4846456449846
41.9037497333554, 12.4845770017402
41.9040618485651, 12.484157581944
41.9045825682796, 12.4834576244554
41.905025936596, 12.4827406576399
41.9056095636951, 12.4823371447088
41.9057836587293, 12.4821277734951
41.9064396054179, 12.4813610192617
41.9072530852557, 12.4805289033032
41.9077209415664, 12.4798236639751
41.9081958164159, 12.4791734691424
41.9088021756519, 12.4784895695227
41.9093447039757, 12.4778432820205
41.9098494689908, 12.4772590193803
41.9098614986827, 12.4772409873504
41.9098614986827, 12.4772409873504
41.9098614986827, 12.4772409873504
41.9099150043697, 12.4771758721711
41.910039102597, 12.4770498306041
41.910039102597, 12.4770498306041
41.9100688983773, 12.4769425826697
41.9100773427242, 12.4769200808962
41.9100773427242, 12.4769200808962
41.9100773427242, 12.4769200808962
41.9100773427242, 12.4769200808962
41.9100773427242, 12.4769200808962
41.9100773427242, 12.4769200808962
41.9100773427242, 12.4769200808962
41.9101151137919, 12.4768954377377
41.9101473817958, 12.4768688045883
41.9101473817958, 12.4768688045883
41.9101473817958, 12.4768688045883
41.9101473817958, 12.4768688045883
41.9101473817958, 12.4768688045883
41.9101473817958, 12.4768688045883
41.9101473817958, 12.4768688045883
41.9101473817958, 12.4768688045883
41.9101473817958, 12.4768688045883
41.9101473817958, 12.4768688045883
41.9101473817958, 12.4768688045883
41.9101473817958, 12.4768688045883
41.9101473817958, 12.4768688045883
41.9101473817958, 12.4768688045883
41.9101473817958, 12.4768688045883
41.9101473817958, 12.4768688045883
41.9102065407875, 12.4768303074158
41.9102065407875, 12.4768303074158
41.9102065407875, 12.4768303074158
41.9102065407875, 12.4768303074158
41.9102065407875, 12.4768303074158
41.9102065407875, 12.4768303074158
41.9102065407875, 12.4768303074158
41.9102065407875, 12.4768303074158
41.9102065407875, 12.4768303074158
41.9102065407875, 12.4768303074158
41.9102065407875, 12.4768303074158
41.9102065407875, 12.4768303074158
41.9102065407875, 12.4768303074158
41.9102065407875, 12.4768303074158
41.9102065407875, 12.4768303074158
41.9102065407875, 12.4768303074158
41.9102065407875, 12.4768303074158
41.9102065407875, 12.4768303074158
41.9102065407875, 12.4768303074158
41.9102065407875, 12.4768303074158
41.9102065407875, 12.4768303074158
41.9102065407875, 12.4768303074158
41.9102065407875, 12.4768303074158
41.9102065407875, 12.4768303074158
41.9102065407875, 12.4768303074158
41.9102065407875, 12.4768303074158
41.9102065407875, 12.4768303074158
41.9102065407875, 12.4768303074158
41.9102229414823, 12.4768237944579
41.9102229414823, 12.4768237944579
41.9102229414823, 12.4768237944579
41.9102229414823, 12.4768237944579
41.9102229414823, 12.4768237944579
41.9102229414823, 12.4768237944579
41.9102229414823, 12.4768237944579
41.9102229414823, 12.4768237944579
41.9102229414823, 12.4768237944579
41.9102229414823, 12.4768237944579
41.9102229414823, 12.4768237944579
41.9102229414823, 12.4768237944579
41.9102229414823, 12.4768237944579
41.9102229414823, 12.4768237944579
41.9102229414823, 12.4768237944579
41.9102229414823, 12.4768237944579
41.9102229414823, 12.4768237944579
41.9102229414823, 12.4768237944579
41.9102229414823, 12.4768237944579
41.9102229414823, 12.4768237944579
41.9102229414823, 12.4768237944579
41.9102229414823, 12.4768237944579
41.9102229414823, 12.4768237944579
41.9102229414823, 12.4768237944579
41.9102439748179, 12.4768094942202
41.9102439748179, 12.4768094942202
41.9102439748179, 12.4768094942202
41.9102439748179, 12.4768094942202
41.9102439748179, 12.4768094942202
41.9102439748179, 12.4768094942202
41.9102439748179, 12.4768094942202
41.9102439748179, 12.4768094942202
41.9102439748179, 12.4768094942202
41.9102439748179, 12.4768094942202
41.9102439748179, 12.4768094942202
41.9102439748179, 12.4768094942202
41.9102439748179, 12.4768094942202
41.9102439748179, 12.4768094942202
41.9102439748179, 12.4768094942202
41.9102439748179, 12.4768094942202
41.9102439748179, 12.4768094942202
41.9102439748179, 12.4768094942202
41.9103356907691, 12.4768049050554
41.9111938569081, 12.4770200819993
41.9110809911471, 12.4758646360975
41.9103904628632, 12.4750874000391
41.9105567386069, 12.474009752155
41.9106315953391, 12.4734917766332
41.9105269405976, 12.4732805893734
41.910443865496, 12.4732807513515
41.910443865496, 12.4732807513515
41.910443865496, 12.4732807513515
41.910443865496, 12.4732807513515
41.910443865496, 12.4732807513515
41.9101660564552, 12.4734283523446
41.9098715767023, 12.4727935854404
41.9095857777919, 12.4710220718306
41.9098513021555, 12.4714097823076
41.9083097321977, 12.4723820921064
