41.8919777435494, 12.4676945451493
41.89232091569, 12.4675492977268
41.8927669627921, 12.4672996306323
41.8930543205296, 12.4670670009494
41.8938447530861, 12.4666285803366
41.8944742583191, 12.4661367470998
41.8946081721855, 12.4661148835344
41.8946633105933, 12.466157517838
41.894575704073, 12.4668079780778
41.893680946815, 12.4679333390015
41.8930291013605, 12.4687676797022
41.892503024008, 12.4694484207262
41.892373416478, 12.4695612267478
41.8917407682127, 12.4703962145865
41.8912066512431, 12.4712094788348
41.8906026620901, 12.4727043257276
41.890344417339, 12.4744956422215
41.8911972433447, 12.4745905930021
41.8918493314105, 12.4746557018612
41.8925525958415, 12.474904013312
41.8931872811323, 12.4752798055525
41.8937493248101, 12.4757145489168
41.8937493248101, 12.4757145489168
41.8941782827715, 12.4761561026916
41.8948465013185, 12.4767540046136
41.8950054421044, 12.4783580283353
41.8950127125916, 12.4795165649266
41.8947276982026, 12.4807279089981
41.8941303428157, 12.4814225676501
41.8942338456823, 12.4820231503359
41.894876335458, 12.4821183560419
41.8954866288296, 12.482550234422
41.8955592850154, 12.4831601389757
41.8955821400872, 12.4834309591414
41.8955821400872, 12.4834309591414
41.8955821400872, 12.4834309591414
41.8955821400872, 12.4834309591414
41.8955821400872, 12.4834309591414
41.8955821400872, 12.4834309591414
41.8955821400872, 12.4834309591414
41.8955821400872, 12.4834309591414
41.8955821400872, 12.4834309591414
41.8955821400872, 12.4834309591414
41.8955821400872, 12.4834309591414
41.8955821400872, 12.4834309591414
41.8955821400872, 12.4834309591414
41.8955821400872, 12.4834309591414
41.8955821400872, 12.4834309591414
41.8955821400872, 12.4834309591414
41.8955821400872, 12.4834309591414
41.8955838328227, 12.4834170646581
41.8955461635663, 12.483399349869
41.8956242485186, 12.4834179059834
41.8955539890587, 12.4834379259043
41.8955358441626, 12.4834458073104
41.8955171438612, 12.4834310347969
41.8955558985121, 12.4834434624917
41.895616210044, 12.4834811936781
41.8955663136434, 12.4834545424727
41.8955496115167, 12.4834128406355
41.8956381441507, 12.4835588483703
41.895632906086, 12.4835545726138
41.8955778700243, 12.4835306610549
41.8956312594777, 12.4835596645657
41.895812641697, 12.4835446852296
41.8957918384227, 12.4835101842344
41.8957947999293, 12.4835352111341
41.8958260560698, 12.4835135155675
41.8958171926127, 12.4835346735082
41.895832570978, 12.4835732209493
41.8958573729109, 12.4834617827493
41.8959291737403, 12.4833092515438
41.8959286054209, 12.4833036131874
41.8959691897185, 12.4834280443614
41.8959951525117, 12.483453081591
41.896021625237, 12.4834932974972
41.896023155434, 12.4834498431359
41.8960242516427, 12.4834460600572
41.8960210723376, 12.483450256808
41.8960210723376, 12.483450256808
41.8960210723376, 12.483450256808
41.8960210723376, 12.483450256808
41.8960744974576, 12.4833125788335
41.8960798882767, 12.4833052122561
41.8960798882768, 12.483305212256
41.8960798882768, 12.483305212256
41.8960798882768, 12.483305212256
41.8960798882768, 12.483305212256
41.8960798882768, 12.483305212256
41.8960657041225, 12.4832184056568
41.8960657041225, 12.4832184056568
41.8960657041225, 12.4832184056568
41.8960657041225, 12.4832184056568
41.8960657041225, 12.4832184056568
41.8960657041225, 12.4832184056568
41.8960657041225, 12.4832184056568
41.8960657041225, 12.4832184056568
41.8960419199359, 12.4830569174499
41.8960419199359, 12.4830569174499
41.8960419199359, 12.4830569174499
41.8960404506964, 12.4830484986996
41.8960404506964, 12.4830484986996
41.8960404506964, 12.4830484986996
41.8960404506964, 12.4830484986996
41.8960404506964, 12.4830484986996
41.8959393636366, 12.4829467266858
41.8958935609414, 12.4829083864282
41.8958966594148, 12.4829112626738
41.8958966594148, 12.4829112626738
41.8959237929442, 12.4828913052859
41.8960713490803, 12.48299079197
41.8960713490804, 12.4829907919701
41.8960713490804, 12.4829907919701
41.8960713490804, 12.4829907919701
41.8960311397574, 12.4829010509179
41.8959986689005, 12.4829689357265
41.8960300646001, 12.4830361153029
41.896010769641, 12.4829290543527
41.896013551112, 12.482930776684
41.896007177853, 12.4829373987627
41.8960063919373, 12.4829983565976
41.8960113000328, 12.4830095025181
41.8960382477268, 12.4828932337761
41.8959267160783, 12.482875786135
41.895937614005, 12.4829755440788
41.8959597099516, 12.4830067607781
41.8959942577168, 12.4830168724296
41.8958952459027, 12.4829164805132
41.8960941700352, 12.482679816744
41.8966725798848, 12.4826233877328
41.8967924644372, 12.4832070128339
41.8969155438663, 12.4839429663348
41.8972564434909, 12.4848955090958
41.8966429347598, 12.4853526017444
41.8960910812106, 12.4857206348155
41.8963723357558, 12.4870396350324
41.8969258142276, 12.4876050317601
41.8976134401079, 12.4886489111317
41.8980504107727, 12.4892345820297
41.8981279755496, 12.4893273579939
41.8984919128955, 12.4899314455845
41.8984919128955, 12.4899314455845
41.8984977712428, 12.4899440567914
41.8988441903231, 12.4904822398544
41.8995677229712, 12.4917039167113
41.9001616345896, 12.4925410244496
41.900515363617, 12.4927479431186
41.900515363617, 12.4927479431186
41.9005403916389, 12.4928583948053
