41.911544741978, 12.5001504092893
41.9114023146661, 12.5001218104153
41.911189095291, 12.5005375522772
41.9114817634506, 12.5012493130381
41.9115501648761, 12.5016354817019
41.9112202608484, 12.5019599600784
41.9112202608484, 12.5019599600784
41.9109165792824, 12.5015964168631
41.9098972039471, 12.5017629236234
41.9096381795673, 12.5014693688597
41.909762726774, 12.5009062934795
41.909762726774, 12.5009062934795
41.9099592028331, 12.5005938992906
41.9102668028263, 12.5000015361874
41.9102941201249, 12.4999675009855
41.9103693856278, 12.4998210655481
41.9108659334229, 12.4988337555219
41.9109906458248, 12.4986845589946
41.9109906458248, 12.4986845589946
41.9109916976981, 12.4983833390941
41.9109694182448, 12.4980852205988
41.9105717541902, 12.4980293707619
41.9105717541902, 12.4980293707619
41.9105717541902, 12.4980293707619
41.9103030828738, 12.4979838638716
41.9099187422642, 12.4966020757926
41.9097091810265, 12.4953793310899
41.9093311099614, 12.4944060200886
41.9093466666617, 12.4943882440371
41.9090115976903, 12.4928034193201
41.9085630442684, 12.492644971034
41.9079682673995, 12.4920388200408
41.9078977815979, 12.4917515413752
41.9077969594897, 12.4913189245043
41.9077969594897, 12.4913189245043
41.9077969594897, 12.4913189245043
41.9077969594897, 12.4913189245043
41.9077969594897, 12.4913189245043
41.9077969594897, 12.4913189245043
41.9077969594897, 12.4913189245043
41.9077969594897, 12.4913189245043
41.9077969594897, 12.4913189245043
41.9077969594897, 12.4913189245043
41.9077969594897, 12.4913189245043
41.9077969594897, 12.4913189245043
41.9077969594897, 12.4913189245043
41.9077969594897, 12.4913189245043
41.9077969594897, 12.4913189245043
41.9077969594897, 12.4913189245043
41.9077969594897, 12.4913189245043
41.9077969594897, 12.4913189245043
41.9077969594897, 12.4913189245043
41.9077969594897, 12.4913189245043
41.9076506211835, 12.4912950610158
41.9076725128576, 12.4913380696913
41.9077062544262, 12.4913477864856
41.907706854278, 12.4913807216478
41.9076632381708, 12.4913944793868
41.9076632381708, 12.4913944793868
41.9076632381708, 12.4913944793868
41.9076638598224, 12.4913563606765
41.9076207809461, 12.4911312218049
41.9076207809461, 12.4911312218049
41.9076207809461, 12.4911312218049
41.9076207809461, 12.4911312218049
41.9076207809461, 12.4911312218049
41.9076242050413, 12.4911279828314
41.9076404949953, 12.4911106429843
41.9076345618037, 12.4911014613241
41.9076345618037, 12.4911014613241
41.9076345618037, 12.4911014613241
41.9076345618037, 12.4911014613241
41.9076345618037, 12.4911014613241
41.9076345618037, 12.4911014613241
41.9076345618037, 12.4911014613241
41.9076345618037, 12.4911014613241
41.9076345618037, 12.4911014613241
41.9076345618037, 12.4911014613241
41.9076345618037, 12.4911014613241
41.9076345618037, 12.4911014613241
41.9076345618037, 12.4911014613241
41.9076345618037, 12.4911014613241
41.9076345618037, 12.4911014613241
41.9076345618037, 12.4911014613241
41.9076345618037, 12.4911014613241
41.9076345618037, 12.4911014613241
41.9075755799775, 12.4909477583868
41.9076430961529, 12.4909445736651
41.9076436418523, 12.490587859765
41.9076689679971, 12.4905741823399
41.9076689679971, 12.4905741823399
41.9076689679971, 12.4905741823399
41.9076689679971, 12.4905741823399
41.9076689679971, 12.4905741823399
41.9076689679971, 12.4905741823399
41.9076689679971, 12.4905741823399
41.9076689679971, 12.4905741823399
41.9076689679971, 12.4905741823399
41.9076689679971, 12.4905741823399
41.9076689679971, 12.4905741823399
41.9076689679971, 12.4905741823399
41.9076613947915, 12.4905841835881
41.9076265949067, 12.4905834176103
41.9076386827857, 12.4905793178761
41.9075533244238, 12.4905903947271
41.9075082652838, 12.4906049734079
41.9075424679005, 12.4906158046435
41.9075424679005, 12.4906158046435
41.9075424679005, 12.4906158046435
41.9075424679005, 12.4906158046435
41.9075685466874, 12.4905869196957
41.9075685466874, 12.4905869196957
41.9075685466874, 12.4905869196957
41.9075403264896, 12.4905160015604
41.9075403264896, 12.4905160015604
41.9075403264896, 12.4905160015604
41.9075403264896, 12.4905160015604
41.9075403264896, 12.4905160015604
41.9075403264896, 12.4905160015604
41.9075403264896, 12.4905160015604
41.9075403264896, 12.4905160015604
41.9075403264896, 12.4905160015604
41.9075403264896, 12.4905160015604
41.9075403264896, 12.4905160015604
41.9075403264896, 12.4905160015604
41.9075403264896, 12.4905160015604
41.9075403264896, 12.4905160015604
41.9075403264896, 12.4905160015604
41.9075403264896, 12.4905160015604
41.9075403264896, 12.4905160015604
41.9075401019058, 12.4905120809628
41.9075585863443, 12.4904990102208
41.9075585863443, 12.4904990102207
41.9075585863443, 12.4904990102207
41.9075585863443, 12.4904990102207
41.9075585863443, 12.4904990102207
41.9075585863443, 12.4904990102207
41.9075585863443, 12.4904990102207
41.9075585863443, 12.4904990102207
41.9075585863443, 12.4904990102207
41.9075585863443, 12.4904990102207
41.9075538018501, 12.490505954505
41.9075491373796, 12.4905081070496
41.9075491373796, 12.4905081070496
41.9075621195633, 12.4905112001134
41.9075621195633, 12.4905112001134
41.9075621195633, 12.4905112001134
41.9075621195633, 12.4905112001134
41.9075744537851, 12.49051714657
41.9075744537933, 12.4905171465751
41.9075860698292, 12.4905184833111
41.9075899010537, 12.4905207276392
41.9076000149177, 12.4905323949921
41.9076315956756, 12.490538105075
41.9076779560226, 12.4905612632596
41.9076779560226, 12.4905612632596
41.9076687427412, 12.4905684638366
41.9076687427412, 12.4905684638366
41.9076675340937, 12.4905750775149
41.9076675340937, 12.4905750775149
41.9076675340937, 12.4905750775149
41.9076675340937, 12.4905750775149
41.9076733142602, 12.4905832131734
41.9076781646631, 12.4905849368883
41.9077051426363, 12.4906059888684
41.9076938285818, 12.4906208074107
41.9076916130144, 12.4906254054335
41.9076748256872, 12.4906299411879
41.9076275127714, 12.4906285301467
41.907630149359, 12.4906339839708
41.9076794507556, 12.4906501611829
41.9076797161838, 12.4906480249329
41.9076790516912, 12.4906321293208
41.9076692264114, 12.4906193268223
41.9076788505204, 12.4906221967434
41.9076788505204, 12.4906221967434
41.9076744929171, 12.4906227876276
41.9076582462816, 12.4906154068709
41.9076541397413, 12.490617249726
41.9076408293237, 12.4906176701195
41.9076408293237, 12.4906176701195
41.9076408290357, 12.4906176704334
41.9075510718143, 12.4902854262822
41.9075370987408, 12.4901898203987
41.9075370987408, 12.4901898203987
41.9075370987408, 12.4901898203987
41.9075370987408, 12.4901898203987
41.9066759114453, 12.4902855645504
41.9065504114312, 12.4902693174365
41.9065504114312, 12.4902693174365
41.9063845899626, 12.4903390369908
41.9056102289104, 12.4906790568328
41.9076408293237, 12.4906176701195
41.9056102289104, 12.4906790568328
41.9056102289104, 12.4906790568328
41.9056102289104, 12.4906790568328
41.9057097958121, 12.4904494972269
41.9057097958121, 12.4904494972269
41.9057097958121, 12.4904494972269
41.9057097958121, 12.4904494972269
41.9056386800946, 12.4905523202587
41.9056386800946, 12.4905523202587
41.9056386800946, 12.4905523202587
41.9051508363873, 12.4900199559509
41.9046829773445, 12.4893706649002
41.9044657695333, 12.4891343794893
41.904304118801, 12.4888564847812
41.9037786576024, 12.4883261349867
41.9032676707133, 12.486643646483
41.9030807131257, 12.4853042075764
41.9039476218075, 12.4847628233301
41.9044978511933, 12.4838282071484
41.9049169309377, 12.4831443475814
41.90514175475, 12.4825561713735
41.90514175475, 12.4825561713735
41.9053221010228, 12.4805610443849
41.9048720330976, 12.4797878767134
41.9047092894246, 12.4785608845741
41.9048791558781, 12.4764792559368
41.9050204043329, 12.4741616668257
41.9056532920566, 12.4708303008839
