41.8928732554765, 12.505244471184
41.892839401663, 12.5054328647999
41.892839401663, 12.5054328647999
41.892839401663, 12.5054328647999
41.892839401663, 12.5054328647999
41.892839401663, 12.5054328647999
41.892839401663, 12.5054328647999
41.892839401663, 12.5054328647999
41.892839401663, 12.5054328647999
41.892839401663, 12.5054328647999
41.892839401663, 12.5054328647999
41.892839401663, 12.5054328647999
41.892839401663, 12.5054328647999
41.8928969718459, 12.5053227661055
41.8933980275851, 12.5050199939157
41.8940958528171, 12.503839917716
41.8949106725497, 12.5025275835765
41.8955503203564, 12.5027377346135
41.8959563181407, 12.5019095442275
41.896164515519, 12.5014682928134
41.8965262884886, 12.5007550126092
41.8968698233308, 12.5000642346617
41.8973806281836, 12.4993773282184
41.8980754052093, 12.498582315316
41.8988044078991, 12.4972776541702
41.8996958512383, 12.4967685455383
41.9006198255912, 12.4961788438822
41.9014460811989, 12.4955978815518
41.9018042810473, 12.4953642091095
41.9018042810473, 12.4953642091095
41.9018042810473, 12.4953642091095
41.9019756398221, 12.4951264786665
41.9012870218017, 12.494119983052
41.9008801574, 12.4934615647346
41.9008801574, 12.4934615647346
41.9003281567856, 12.4926622150553
41.8996642718674, 12.4916265515045
41.8988979967331, 12.4904031104366
41.8994807638898, 12.4894757732104
41.8997237376165, 12.4892017160283
41.9023733885962, 12.4860603266449
41.9031105512954, 12.485213781132
41.903676740395, 12.4845459886012
41.904246851234, 12.4839165135054
41.90458470789, 12.4834869729215
41.9049098474697, 12.4830105020034
41.9052837656388, 12.4826454632704
41.9052837656388, 12.4826454632704
41.9052837656388, 12.4826454632704
41.9052837656388, 12.4826454632704
41.9052837656388, 12.4826454632704
41.9052837656388, 12.4826454632704
41.9052837656388, 12.4826454632704
41.9052837656388, 12.4826454632704
41.9052837656388, 12.4826454632704
41.9052837656388, 12.4826454632704
41.9052837656388, 12.4826454632704
41.9052837656388, 12.4826454632704
41.9052837656388, 12.4826454632704
41.9052837656388, 12.4826454632704
41.9052837656388, 12.4826454632704
41.9052837656388, 12.4826454632704
41.9052837656388, 12.4826454632704
41.905284195555, 12.4826456293796
41.905284195555, 12.4826456293796
41.905284195555, 12.4826456293796
41.905284195555, 12.4826456293796
41.905284195555, 12.4826456293796
41.905284195555, 12.4826456293796
41.905284195555, 12.4826456293796
41.905284195555, 12.4826456293796
41.905284195555, 12.4826456293796
41.905284195555, 12.4826456293796
41.905284195555, 12.4826456293796
41.905284195555, 12.4826456293796
41.905284195555, 12.4826456293796
41.905284195555, 12.4826456293796
41.905284195555, 12.4826456293796
41.905284195555, 12.4826456293796
41.905284195555, 12.4826456293796
41.905284195555, 12.4826456293796
41.905284195555, 12.4826456293796
41.905284195555, 12.4826456293796
41.905284195555, 12.4826456293796
41.905284195555, 12.4826456293796
41.905284195555, 12.4826456293796
41.905284195555, 12.4826456293796
41.905284195555, 12.4826456293796
41.905284195555, 12.4826456293796
41.905284195555, 12.4826456293796
41.905284195555, 12.4826456293796
41.905284195555, 12.4826456293796
41.905284195555, 12.4826456293796
41.905284195555, 12.4826456293796
41.905284195555, 12.4826456293796
41.9052606457435, 12.4825831774935
41.9052576330193, 12.4826507831684
41.9052576330193, 12.4826507831684
41.9052576330193, 12.4826507831684
41.9052576330193, 12.4826507831684
41.9052576330193, 12.4826507831684
41.9052576330193, 12.4826507831684
41.9052576330193, 12.4826507831684
41.9052576330193, 12.4826507831684
41.9052576330193, 12.4826507831684
41.9052576330193, 12.4826507831684
41.9052576330193, 12.4826507831684
41.9052576330193, 12.4826507831684
41.9052576330193, 12.4826507831684
41.9052576330193, 12.4826507831684
41.9052576330193, 12.4826507831684
41.9052576330193, 12.4826507831684
41.9052576330193, 12.4826507831684
41.9052576330193, 12.4826507831684
41.9052576330193, 12.4826507831684
41.9052576330193, 12.4826507831684
41.9052576330193, 12.4826507831684
41.9052576330193, 12.4826507831684
41.9052576330193, 12.4826507831684
41.9052576330193, 12.4826507831684
41.9052576330193, 12.4826507831684
41.9052576330193, 12.4826507831684
41.9052576330193, 12.4826507831684
41.9052576330193, 12.4826507831684
41.9052576330193, 12.4826507831684
41.9052576330193, 12.4826507831684
41.9052576330193, 12.4826507831684
41.9052576330193, 12.4826507831684
41.9052576330193, 12.4826507831684
41.9052576330193, 12.4826507831684
41.9052576330193, 12.4826507831684
41.9052576330193, 12.4826507831684
41.9052576330193, 12.4826507831684
41.9052576330193, 12.4826507831684
41.9052576330193, 12.4826507831684
41.9053417586999, 12.4825449736988
41.9054931676402, 12.4824011002528
41.9057948449985, 12.4820931888025
41.9061403542662, 12.4816979403334
41.9065900794101, 12.4812018761448
41.9069060777734, 12.4808007858718
41.9076283626153, 12.4799016568256
41.9081720917603, 12.4792000002346
41.9088738182012, 12.4784528567564
41.9096467233091, 12.4775190747977
41.9100111678575, 12.4769862905125
41.9100111678575, 12.4769862905125
41.9100111678575, 12.4769862905125
41.9100111678575, 12.4769862905125
41.9100111678575, 12.4769862905125
41.9100111678575, 12.4769862905125
41.9100111678575, 12.4769862905125
41.9100111678575, 12.4769862905125
41.9100111678575, 12.4769862905125
41.9100111678575, 12.4769862905125
41.9100646725457, 12.4769385311713
41.9100646725457, 12.4769385311713
41.9100646725457, 12.4769385311713
41.9100646725457, 12.4769385311713
41.9100646725457, 12.4769385311713
41.9100646725457, 12.4769385311713
41.9100646725457, 12.4769385311713
41.9100646725457, 12.4769385311713
41.9100646725457, 12.4769385311713
41.9100646725457, 12.4769385311713
41.9100646725457, 12.4769385311713
41.9100890206085, 12.4769452097934
41.9100890206085, 12.4769452097934
41.9100890206085, 12.4769452097934
41.9101552646257, 12.4769120292437
41.9104683666819, 12.4770314995594
41.9112313486634, 12.4768103826004
41.9110857609564, 12.4760507953694
41.9103883464376, 12.4750919704216
41.9107352516575, 12.4740299076845
