41.904677774266, 12.4787568398541
41.9047673772033, 12.4781757522297
41.9046946076764, 12.4782447831336
41.9046721703827, 12.478517676657
41.9046721703827, 12.478517676657
41.9046721703827, 12.478517676657
41.9046721703827, 12.478517676657
41.9046721703827, 12.478517676657
41.9046721703827, 12.478517676657
41.9046721703827, 12.478517676657
41.9046721703827, 12.478517676657
41.9046721703827, 12.478517676657
41.9046721703827, 12.478517676657
41.9046721703827, 12.478517676657
41.9046721703827, 12.478517676657
41.9046721703827, 12.478517676657
41.9046721703827, 12.478517676657
41.9046721703827, 12.478517676657
41.9046721703827, 12.478517676657
41.9046721703827, 12.478517676657
41.9046721703827, 12.478517676657
41.9046750708338, 12.4785211207117
41.9046750708338, 12.4785211207117
41.9046750708338, 12.4785211207117
41.9046750708338, 12.4785211207117
41.9046750708338, 12.4785211207117
41.9046750708338, 12.4785211207117
41.9046750708338, 12.4785211207117
41.9046750708338, 12.4785211207117
41.9046750708338, 12.4785211207117
41.9046750708338, 12.4785211207117
41.9046750708338, 12.4785211207117
41.9046750708338, 12.4785211207117
41.9046750708338, 12.4785211207117
41.9046750708338, 12.4785211207117
41.9046750708338, 12.4785211207117
41.9046750708338, 12.4785211207117
41.9046750708338, 12.4785211207117
41.9046750708338, 12.4785211207117
41.904733623701, 12.4786225036985
41.904733623701, 12.4786225036985
41.904733623701, 12.4786225036985
41.904733623701, 12.4786225036985
41.904733623701, 12.4786225036985
41.9047013348612, 12.4786086723235
41.9047573947368, 12.4786055858468
41.904710723981, 12.4786513131072
41.9047256866725, 12.4786956735234
41.9047461465047, 12.4787479683814
41.9047309260684, 12.4786939082534
41.9046575720525, 12.4787023284234
41.9046502901265, 12.4786573694228
41.9046502901619, 12.4786573694109
41.9046502901619, 12.4786573694109
41.9046502901619, 12.4786573694109
41.9046502901619, 12.4786573694109
41.9046502901619, 12.4786573694109
41.9046502901619, 12.4786573694109
41.9046502901619, 12.4786573694109
41.9046502901619, 12.4786573694109
41.9046502901619, 12.4786573694109
41.9046502901619, 12.4786573694109
41.9046502901619, 12.4786573694109
41.9046848224631, 12.4786272148025
41.9046751798215, 12.4786093937696
41.9045666226384, 12.4799452412108
41.903574230988, 12.4801650916796
41.903574230988, 12.4801650916796
41.9034336998376, 12.4802144852652
41.9034336998376, 12.4802144852652
41.9027247948568, 12.4805131897355
41.9026051174228, 12.4799783483021
41.9026051174228, 12.4799783483021
41.9018481789474, 12.4801023465821
41.9005063082047, 12.4806277622445
41.8991443588059, 12.4811733332304
41.8984675261707, 12.4815463226234
41.8971888011095, 12.4820289545744
41.896264607043, 12.4821804036307
41.8956084596343, 12.4826557454602
41.8949708197662, 12.4840593362737
41.8938686374143, 12.4859429904117
41.8928969335998, 12.4875670799389
41.8922172074591, 12.488949835267
41.8914826013757, 12.4902397151875
41.891109252148, 12.4920267964919
41.8905886049809, 12.4938203166843
41.890545921166, 12.4939655775341
41.8904441771882, 12.4946632615093
41.8900552703709, 12.4968020548387
41.8896445358082, 12.4990826820118
41.889206054603, 12.5014656758088
41.8892333607238, 12.5029666589853
41.8892945212301, 12.5031461497261
41.8892945212301, 12.5031461497261
41.8893856626349, 12.5038759756622
41.8899747493443, 12.5054302782983
41.890254618124, 12.5063683874192
41.890254618124, 12.5063683874192
41.890254618124, 12.5063683874192
41.890254618124, 12.5063683874192
41.890254618124, 12.5063683874192
41.8902606959683, 12.5069367071713
41.8901201105083, 12.5083476337865
41.8900583054156, 12.5098994142186
41.8902016540682, 12.5111726740493
41.8901581726058, 12.5123956769748
41.8893454479335, 12.5138370533661
