41.9055687425305, 12.5042590886708
41.9053971460909, 12.503980771014
41.9052335029493, 12.5037079157035
41.9047508749026, 12.5024553458897
41.9052005447922, 12.5014370596744
41.9060710437506, 12.5003419935268
41.9062730822124, 12.5001018045914
41.9062730822124, 12.5001018045914
41.9062730822124, 12.5001018045914
41.9070250727609, 12.4993168223676
41.9082603843777, 12.4986714844926
41.9095986539954, 12.4983949397925
41.9101384224907, 12.4983744073218
41.9101384224907, 12.4983744073218
41.9101384224907, 12.4983744073218
41.9103768861569, 12.4980597454871
41.9103643668565, 12.4979891061697
41.9103643668565, 12.4979891061697
41.9103643668565, 12.4979891061697
41.9103643668565, 12.4979891061697
41.9103643668565, 12.4979891061697
41.9103643668565, 12.4979891061697
41.9103643668565, 12.4979891061697
41.9103643668565, 12.4979891061697
41.9103643668565, 12.4979891061697
41.9103643668565, 12.4979891061697
41.9103643668565, 12.4979891061697
41.9103643668565, 12.4979891061697
41.9103643668565, 12.4979891061697
41.9103643668565, 12.4979891061697
41.9103643668565, 12.4979891061697
41.9103643668565, 12.4979891061697
41.9103716950257, 12.4979582497251
41.9103716950257, 12.4979582497251
41.9103716950257, 12.4979582497251
41.910262716693, 12.4976531466832
41.9100561496386, 12.4966466058243
41.9097695742459, 12.495684768326
41.9094876140623, 12.494496808613
41.9094626865374, 12.4944455176424
41.9093079947606, 12.4938591889742
41.9092718569716, 12.4934193687959
41.9092718569716, 12.4934193687959
41.9091343094682, 12.4929673403976
41.9084237777536, 12.4926747980199
41.9080226311822, 12.4921680832073
41.9078599056792, 12.4916169817338
41.9077356889264, 12.4911387358348
41.9077356889264, 12.4911387358348
41.9077356889264, 12.4911387358348
41.9077356889264, 12.4911387358348
41.9077356889264, 12.4911387358348
41.9077356889264, 12.4911387358348
41.9077356889264, 12.4911387358348
41.9077356889264, 12.4911387358348
41.9077356889264, 12.4911387358348
41.9077356889264, 12.4911387358348
41.9077356889264, 12.4911387358348
41.9077356889264, 12.4911387358348
41.9077356889264, 12.4911387358348
41.9077356889264, 12.4911387358348
41.9077356889264, 12.4911387358348
41.9077356889264, 12.4911387358348
41.9077356889264, 12.4911387358348
41.9077356889264, 12.4911387358348
41.9077356889264, 12.4911387358348
41.9077356889264, 12.4911387358348
41.9077335546855, 12.4911385873398
41.9077335546855, 12.4911385873398
41.9077335546855, 12.4911385873398
41.9077335546855, 12.4911385873398
41.9077335546855, 12.4911385873398
41.9077335546855, 12.4911385873398
41.9077335546855, 12.4911385873398
41.9077335546855, 12.4911385873398
41.9077335546855, 12.4911385873398
41.9077335546855, 12.4911385873398
41.9076776132515, 12.4909677902463
41.9076776132515, 12.4909677902463
41.9076776132515, 12.4909677902463
41.9076776132515, 12.4909677902463
41.9076776132515, 12.4909677902463
41.9076776132515, 12.4909677902463
41.9076776132515, 12.4909677902463
41.9076776132515, 12.4909677902463
41.9076776132515, 12.4909677902463
41.9076776132515, 12.4909677902463
41.9076776132515, 12.4909677902463
41.9076776132515, 12.4909677902463
41.9076776132515, 12.4909677902463
41.9076776132515, 12.4909677902463
41.9076776132515, 12.4909677902463
41.9076776132515, 12.4909677902463
41.9076776132515, 12.4909677902463
41.9076776132515, 12.4909677902463
41.9076776132515, 12.4909677902463
41.9076776132515, 12.4909677902463
41.9076776132515, 12.4909677902463
41.9076776132515, 12.4909677902463
41.9076776132515, 12.4909677902463
41.9076776132515, 12.4909677902463
41.9076776132515, 12.4909677902463
41.9076776132515, 12.4909677902463
41.9076776132515, 12.4909677902463
41.9076776132515, 12.4909677902463
41.9076703200693, 12.4908674737564
41.9076703200693, 12.4908674737564
41.9076703200693, 12.4908674737564
41.9076703200693, 12.4908674737564
41.9076703200693, 12.4908674737564
41.9076703200693, 12.4908674737564
41.9076703200693, 12.4908674737564
41.9076703200693, 12.4908674737564
41.9076703200693, 12.4908674737564
41.9076607345261, 12.4908562150385
41.9076675406319, 12.490845277827
41.9076675406319, 12.490845277827
41.9076675406319, 12.490845277827
41.9076675406319, 12.490845277827
41.9076675406319, 12.490845277827
41.9076643264242, 12.4908150518259
41.9075977351856, 12.4905318852076
41.9075977351856, 12.4905318852076
41.9075977351856, 12.4905318852076
41.9075977351856, 12.4905318852076
41.9075977351856, 12.4905318852076
41.9075977351856, 12.4905318852076
41.9075977351856, 12.4905318852076
41.9075977351856, 12.4905318852076
41.9075977351856, 12.4905318852076
41.9075977351856, 12.4905318852076
41.9075977351856, 12.4905318852076
41.9075977351856, 12.4905318852076
41.9075977351856, 12.4905318852076
41.9075977351856, 12.4905318852076
41.9075977351856, 12.4905318852076
41.9075977351856, 12.4905318852076
41.9075977351856, 12.4905318852076
41.9075977351856, 12.4905318852076
41.9075977351856, 12.4905318852076
41.9075977351856, 12.4905318852076
41.9075977351856, 12.4905318852076
41.9075977351856, 12.4905318852076
41.9075977351856, 12.4905318852076
41.9075977351856, 12.4905318852076
41.9075977351856, 12.4905318852076
41.9075977351856, 12.4905318852076
41.9074704440481, 12.4904148734768
41.9074704439052, 12.4904148733964
41.9074704439052, 12.4904148733964
41.9074704439052, 12.4904148733964
41.9074704439052, 12.4904148733964
41.9074704439052, 12.4904148733964
41.9074704439052, 12.4904148733964
41.9074704439052, 12.4904148733964
41.9074704439052, 12.4904148733964
41.9074704439052, 12.4904148733964
41.9074704439052, 12.4904148733964
41.9074704439052, 12.4904148733964
41.9074704439052, 12.4904148733964
41.9074704439052, 12.4904148733964
41.9074704439052, 12.4904148733964
41.9074704439052, 12.4904148733964
41.9074704439052, 12.4904148733964
41.9074704439052, 12.4904148733964
41.9074704439052, 12.4904148733964
41.9074704439052, 12.4904148733964
41.9074704439052, 12.4904148733964
41.907486746522, 12.4904182195167
41.9074867465221, 12.4904182195167
41.9075057194962, 12.49043741167
41.9075440395659, 12.490463687507
41.9075440424568, 12.4904636892966
41.9075440424568, 12.4904636892966
41.9075440424568, 12.4904636892966
41.9075480373802, 12.4904656479626
41.9076208961408, 12.4905037560967
41.9076205079741, 12.4903847746773
41.9076205079788, 12.4903847746766
41.9076205079788, 12.4903847746766
41.9076205079788, 12.4903847746766
41.9076205079788, 12.4903847746766
41.907562423111, 12.490181807347
41.9075042042157, 12.4902027135617
41.9075042042157, 12.4902027135617
41.9075042042157, 12.4902027135617
41.9075042042157, 12.4902027135617
41.9075042042157, 12.4902027135617
41.9075042042157, 12.4902027135617
41.9075042042157, 12.4902027135617
41.9075042042157, 12.4902027135617
41.9075042042157, 12.4902027135617
41.9075042042157, 12.4902027135617
41.9075042042157, 12.4902027135617
41.9075013127991, 12.490197269611
41.9074945764454, 12.4901985623852
41.9074089108675, 12.4902247786351
41.9073707339898, 12.4902079239698
41.9074277617849, 12.4901533803012
41.9074177626662, 12.4901411976266
41.9074171322116, 12.4901730683504
41.9074526662065, 12.4902301845492
41.9074467534663, 12.4902168920692
41.9073954000286, 12.4902380845036
41.9074049504185, 12.4902999424726
41.9073694809298, 12.4903063093516
41.9073891664791, 12.4901675799636
41.9074348139456, 12.4901552233024
41.9074348139456, 12.4901552233024
41.9074348139456, 12.4901552233024
41.9074378550101, 12.4901539703753
41.9074312497248, 12.4902308087576
41.907771375986, 12.4915369337393
41.9082153923435, 12.4930389668487
41.9083019811063, 12.4933093354148
41.9083187231541, 12.4933060329757
41.9074348139456, 12.4901552233024
41.9087353143726, 12.4934866485859
41.9087353143726, 12.4934866485859
41.9087353143726, 12.4934866485859
41.9087353143726, 12.4934866485859
41.9093064701939, 12.4932815663401
41.9105314996985, 12.4929282272601
41.9108156865729, 12.4922482403729
41.9100683224152, 12.4906321265998
41.9096527861613, 12.4887434087499
41.908707375026, 12.4858475245744
41.9097101653562, 12.4830722815741
41.9116074189666, 12.4811257777057
