41.9074163295397, 12.4906773803395
41.9074163295417, 12.4906773803387
41.9074447728618, 12.4906590966072
41.9074927452017, 12.4906171183479
41.9074927452017, 12.4906171183479
41.9074927452017, 12.4906171183479
41.9074927452017, 12.4906171183479
41.9074927452017, 12.4906171183479
41.9074927452017, 12.4906171183479
41.9074927452017, 12.4906171183479
41.9074927452017, 12.4906171183479
41.9074970893682, 12.4906118991672
41.907550022993, 12.4905678036438
41.907615601517, 12.4905744885204
41.9076156020251, 12.4905744884185
41.9076156020251, 12.4905744884185
41.9076069275149, 12.4905599429319
41.9076069275149, 12.4905599429319
41.9076069275149, 12.4905599429319
41.9076069275149, 12.4905599429319
41.9076069275149, 12.4905599429319
41.9076069275149, 12.4905599429319
41.9076069275149, 12.4905599429319
41.9076069275149, 12.4905599429319
41.907602293356, 12.4905546931703
41.9076022927966, 12.4905546925295
41.9076022927966, 12.4905546925295
41.9076022927966, 12.4905546925295
41.9076022927966, 12.4905546925295
41.9075823364992, 12.4905330691004
41.9075853730314, 12.4905079729085
41.9076378378049, 12.4905129283033
41.9076324850775, 12.4904776554505
41.9076073891741, 12.4904555854226
41.9076141251565, 12.4904396345907
41.907613497514, 12.4904401182055
41.907613497514, 12.4904401182055
41.907613497514, 12.4904401182055
41.907613497514, 12.4904401182055
41.907613497514, 12.4904401182055
41.907613497514, 12.4904401182055
41.9076110154426, 12.4904386781429
41.9076110152968, 12.4904386774356
41.9076110152968, 12.4904386774356
41.9076110152968, 12.4904386774356
41.9076110152968, 12.4904386774356
41.9076110152968, 12.4904386774356
41.9076110152968, 12.4904386774356
41.9076110152968, 12.4904386774356
41.9076110152968, 12.4904386774356
41.9076110152968, 12.4904386774356
41.9076110152968, 12.4904386774356
41.9076110152968, 12.4904386774356
41.9076110152968, 12.4904386774356
41.9076110152968, 12.4904386774356
41.9076110152968, 12.4904386774356
41.9076110152968, 12.4904386774356
41.9076110152968, 12.4904386774356
41.9075914287224, 12.4904733409839
41.9075250055643, 12.4905701994531
41.9075205886207, 12.4906288276425
41.9075255656637, 12.4906799711376
41.9075686065837, 12.4907056936968
41.9076002691254, 12.4907261963328
41.9075301734794, 12.490715677459
41.9074536306673, 12.4906956240279
41.9074056604264, 12.4906646346058
41.9074368332509, 12.4906692117224
41.907456191875, 12.4906233016231
41.9074776577282, 12.4906545580968
41.9075190978599, 12.4906803943294
41.9075602971027, 12.4906846259564
41.9075806209361, 12.4906432757236
41.9075326562845, 12.4906781577947
41.907494748347, 12.4906783837347
41.9074862471997, 12.4906575837189
41.907521816844, 12.4906493771246
41.9075741157479, 12.4906020343429
41.9075720608586, 12.4906555011788
41.9075736634191, 12.4907019297292
41.9075848494519, 12.4906911081185
41.9075213085277, 12.4907018783203
41.9075061854951, 12.4906740379996
41.9074928727325, 12.4906926685512
41.9074928603538, 12.4906925695781
41.9074182098635, 12.4906474598552
41.9074173188786, 12.4906734973808
41.9074544590771, 12.490643575831
41.9074653020054, 12.490563086308
41.9074491455125, 12.4906130802715
41.907485015744, 12.4906408308461
41.9075131104266, 12.4906577533232
41.907592177695, 12.490654742814
41.9076373066731, 12.4906374732793
41.9076252433269, 12.4906448187955
41.9076029073139, 12.4906542991364
41.9075485380968, 12.4906522977515
41.9074439604286, 12.4905274567745
41.9074946243004, 12.4905364658356
41.9074957928794, 12.4905284109179
41.9074957928794, 12.4905284109179
41.9074959353902, 12.4905130080259
41.9074992520741, 12.4904999191132
41.9074992520741, 12.4904999191132
41.9074992520741, 12.4904999191132
41.9074992520741, 12.4904999191132
41.9074992520741, 12.4904999191132
41.9074992520741, 12.4904999191132
41.9074828913446, 12.4905180112795
41.9074828913446, 12.4905180112795
41.9074776954141, 12.4905283809548
41.9074776806666, 12.4905283981521
41.9074776806666, 12.4905283981521
41.9074776806666, 12.4905283981521
41.9074776806666, 12.4905283981521
41.9074776806666, 12.4905283981521
41.9074661925753, 12.4905268739163
41.9074661925705, 12.4905268739143
41.9074661925705, 12.4905268739143
41.9074661925705, 12.4905268739143
41.9074661925705, 12.4905268739143
41.9074661925705, 12.4905268739143
41.9074661925705, 12.4905268739143
41.9074661925705, 12.4905268739143
41.9074661925705, 12.4905268739143
41.9074661925705, 12.4905268739143
41.9074661925705, 12.4905268739143
41.9074661925705, 12.4905268739143
41.9074661925705, 12.4905268739143
41.9074661925705, 12.4905268739143
41.9074704856935, 12.4905304341692
41.9074704856935, 12.4905304341692
41.9074704856935, 12.4905304341692
41.9074704856935, 12.4905304341692
41.9074704856935, 12.4905304341692
41.9074714511096, 12.4905213392144
41.9074887931803, 12.4904675173571
41.9074887931803, 12.4904675173571
41.9074887931803, 12.4904675173571
41.9074887931803, 12.4904675173571
41.9074848685935, 12.4904678904156
41.9074848685935, 12.4904678904156
41.9074848685935, 12.4904678904156
41.9074848685935, 12.4904678904156
41.9074848685935, 12.4904678904156
41.9074848685935, 12.4904678904156
41.9074848685935, 12.4904678904156
41.9074848685935, 12.4904678904156
41.9074848685935, 12.4904678904156
41.9074848685935, 12.4904678904156
41.9074848685935, 12.4904678904156
41.9074848685935, 12.4904678904156
41.9074848685935, 12.4904678904156
41.9074848685935, 12.4904678904156
41.9074848685935, 12.4904678904156
41.9074848685935, 12.4904678904156
41.9074848685935, 12.4904678904156
41.9074848685935, 12.4904678904156
41.9074848685935, 12.4904678904156
41.9074848685935, 12.4904678904156
41.9074848685935, 12.4904678904156
41.9074848685935, 12.4904678904156
41.9074848685935, 12.4904678904156
41.9074848685935, 12.4904678904156
41.9074848685935, 12.4904678904156
41.9074848685935, 12.4904678904156
41.9074848685935, 12.4904678904156
41.9074848685935, 12.4904678904156
41.9074848685935, 12.4904678904156
41.9074848685935, 12.4904678904156
41.9074848685935, 12.4904678904156
41.9074848685935, 12.4904678904156
41.9074848685935, 12.4904678904156
41.9074848685935, 12.4904678904156
41.9074848685935, 12.4904678904156
41.9074848685935, 12.4904678904156
41.9074848685935, 12.4904678904156
41.9074848685935, 12.4904678904156
41.9074848685935, 12.4904678904156
41.9074848685935, 12.4904678904156
41.9074848685935, 12.4904678904156
41.9074848685935, 12.4904678904156
41.9074848685935, 12.4904678904156
41.9074848685935, 12.4904678904156
41.9074848685935, 12.4904678904156
41.9074848685935, 12.4904678904156
41.9074848685935, 12.4904678904156
41.9074848685935, 12.4904678904156
41.90747970971, 12.490394351698
41.90747970971, 12.4903943516979
41.90747970971, 12.4903943516979
41.90747970971, 12.4903943516979
41.90747970971, 12.4903943516979
41.90747970971, 12.4903943516979
41.90747970971, 12.4903943516979
41.90747970971, 12.4903943516979
41.90747970971, 12.4903943516979
41.90747970971, 12.4903943516979
41.9074698695865, 12.4903650802902
41.9074698695865, 12.4903650802902
41.9074429835173, 12.4903745931733
41.9074429835173, 12.4903745931733
41.9074429835173, 12.4903745931733
41.9074382383923, 12.4903623576824
41.9074425355194, 12.4903217127808
41.9074425936493, 12.4903217048423
41.9074425936493, 12.4903217048423
41.9074425936493, 12.4903217048423
41.9074425936493, 12.4903217048423
41.9074425936493, 12.4903217048423
41.9074425936493, 12.4903217048423
41.9074425936493, 12.4903217048423
41.9074425936493, 12.4903217048423
41.9074425936493, 12.4903217048423
41.9074425936493, 12.4903217048423
41.9074425936493, 12.4903217048423
41.9074425936493, 12.4903217048423
41.9074425936493, 12.4903217048423
41.9074425936493, 12.4903217048423
41.9074425936493, 12.4903217048423
41.9074425936493, 12.4903217048423
41.9074425936493, 12.4903217048423
41.9074425936493, 12.4903217048423
41.9074425936493, 12.4903217048423
41.9074425936493, 12.4903217048423
41.9074425936493, 12.4903217048423
41.9074425936493, 12.4903217048423
41.9074425936493, 12.4903217048423
41.9074425936493, 12.4903217048423
41.9074425936493, 12.4903217048423
41.9074425936493, 12.4903217048423
41.9074425936493, 12.4903217048423
41.9074362308781, 12.4903155837432
41.9074362308781, 12.4903155837432
41.9074362308781, 12.4903155837432
41.9074362308781, 12.4903155837432
41.9074362308781, 12.4903155837432
41.9074362308781, 12.4903155837432
41.9074362308781, 12.4903155837432
41.9074362308781, 12.4903155837432
41.9074362308781, 12.4903155837432
41.9074362308781, 12.4903155837432
41.9074362308781, 12.4903155837432
41.9074362308781, 12.4903155837432
41.9074362308781, 12.4903155837432
41.9074362308781, 12.4903155837432
41.9074362308781, 12.4903155837432
41.9074362308781, 12.4903155837432
41.9074362308781, 12.4903155837432
41.9074362308781, 12.4903155837432
41.9074362308781, 12.4903155837432
41.9074362308781, 12.4903155837432
41.9074362308781, 12.4903155837432
41.9074362308781, 12.4903155837432
41.9074362308781, 12.4903155837432
41.9074362308781, 12.4903155837432
41.9074405562743, 12.4903234563065
41.9074405562743, 12.4903234563065
41.9074405562743, 12.4903234563065
41.9074405562743, 12.4903234563065
41.9073902974328, 12.4900562824604
41.9081877023908, 12.4892688891068
41.9074405562743, 12.4903234563065
41.9089857831878, 12.4886677039588
41.9089857831878, 12.4886677039588
41.9089857831878, 12.4886677039588
41.9089857831878, 12.4886677039588
41.9085050097487, 12.4888303078372
41.9074832046071, 12.4896253956277
41.9070481265895, 12.4900026822428
41.9066390415275, 12.490275013693
41.9066390415275, 12.490275013693
41.9056530816765, 12.4884251341256
41.9056530816765, 12.4884251341256
41.9056530816765, 12.4884251341256
41.9042070549899, 12.488502934156
41.9035826808189, 12.4881225873804
41.9033335224631, 12.487521172557
41.9028038366234, 12.4856261160278
41.9024526184116, 12.4842491061926
41.9024381505087, 12.4841985779519
41.9022523135188, 12.4833952937995
41.9018240488645, 12.4817238484588
41.9021823399949, 12.4811067352514
41.9020899576908, 12.4808341734939
41.9018724743926, 12.4802451685493
41.9009650522329, 12.4803808501329
41.8995008210532, 12.4810452595578
41.8986522860264, 12.4814331912255
41.897283026197, 12.4820064481681
41.8959061543448, 12.4821393220953
41.8951771725449, 12.4813059250932
41.8941758264955, 12.4812996039645
41.8931651256828, 12.4813282347651
41.891785384611, 12.4802039230554
41.890411620637, 12.4806853566897
41.8887728111789, 12.4814114665204
41.8879476743286, 12.4811507058655
41.8870092442201, 12.4824104072385
41.885649500723, 12.4843440012701
