41.918137181902, 12.5002064257253
41.9191214364001, 12.4990882283659
41.9204130374638, 12.4974318993485
41.9215451532347, 12.4952695270778
41.9222056268866, 12.4931317595296
41.9224240872394, 12.4925790120459
41.9224205375869, 12.4924050192838
41.9213161448899, 12.4921891041585
41.9210165870682, 12.4920155055811
41.920040011939, 12.4911266676213
41.9190481534468, 12.4900945387788
41.9195457207608, 12.488342196562
41.9194602264824, 12.4866493313966
41.9183892826895, 12.4845458504478
41.9179765328154, 12.4841322298939
41.9188036139304, 12.4826991857139
41.9201720789875, 12.4817647486789
41.9206891899098, 12.4804179062058
41.9206891899098, 12.4804179062058
41.9207090696391, 12.4803934807803
41.9207090696391, 12.4803934807803
41.9207090696391, 12.4803934807803
41.9207090696391, 12.4803934807803
41.9207090696391, 12.4803934807803
41.9207090696391, 12.4803934807803
41.9207090696391, 12.4803934807803
41.9207090696391, 12.4803934807803
41.9207090696391, 12.4803934807803
41.9207090696391, 12.4803934807803
41.9207090696391, 12.4803934807803
41.9207090696391, 12.4803934807803
41.9207090696391, 12.4803934807803
41.9207090696391, 12.4803934807803
41.9208053385678, 12.4802686252414
41.9208053385678, 12.4802686252414
41.9208053385678, 12.4802686252414
41.9208053385678, 12.4802686252414
41.9208053385678, 12.4802686252414
41.9208057600355, 12.4802680812696
41.9208057600355, 12.4802680812696
41.9208057600355, 12.4802680812696
41.9208057600355, 12.4802680812696
41.9208057600355, 12.4802680812696
41.9208057600355, 12.4802680812696
41.9208057600355, 12.4802680812696
41.9208057600355, 12.4802680812696
41.9208057600355, 12.4802680812696
41.9208057600355, 12.4802680812696
41.9208057600355, 12.4802680812696
41.9208057600355, 12.4802680812696
41.9208057600355, 12.4802680812696
41.9208057600355, 12.4802680812696
41.9208057600355, 12.4802680812696
41.9208057600355, 12.4802680812696
41.9208057600355, 12.4802680812696
41.9208057600355, 12.4802680812696
41.9208057600355, 12.4802680812696
41.9208115489828, 12.4802862701651
41.9208115489828, 12.4802862701651
41.9208115489828, 12.4802862701651
41.9208115489828, 12.4802862701651
41.9208115489828, 12.4802862701651
41.9208115489828, 12.4802862701651
41.9208115489828, 12.4802862701651
41.9208115489828, 12.4802862701651
41.9208115489828, 12.4802862701651
41.9208115489828, 12.4802862701651
41.9208115489828, 12.4802862701651
41.9208115489828, 12.4802862701651
41.9208115489828, 12.4802862701651
41.9208115489828, 12.4802862701651
41.9208115489828, 12.4802862701651
41.9208115489828, 12.4802862701651
41.9208115489828, 12.4802862701651
41.9208115489828, 12.4802862701651
41.9208115489828, 12.4802862701651
41.9208115489828, 12.4802862701651
41.9208115489828, 12.4802862701651
41.9208115489828, 12.4802862701651
41.9208115489828, 12.4802862701651
41.9208115489828, 12.4802862701651
41.9208115489828, 12.4802862701651
41.9208115489828, 12.4802862701651
41.9208115489828, 12.4802862701651
41.9208115489828, 12.4802862701651
41.9208115489828, 12.4802862701651
41.9208115489828, 12.4802862701651
41.9208115489828, 12.4802862701651
41.9208115489828, 12.4802862701651
41.9208115489828, 12.4802862701651
41.9208115489828, 12.4802862701651
41.9208115489828, 12.4802862701651
41.9208115489828, 12.4802862701651
41.9208115489828, 12.4802862701651
41.9208115489828, 12.4802862701651
41.9208115489828, 12.4802862701651
41.9208115489828, 12.4802862701651
41.9208115489828, 12.4802862701651
41.9208115489828, 12.4802862701651
41.9208115489828, 12.4802862701651
41.9208115489828, 12.4802862701651
41.9208115489828, 12.4802862701651
41.9210570398395, 12.4809235092683
41.9218298231679, 12.4825929990505
41.9219414932825, 12.4842271018828
41.9216489398579, 12.4865564718827
41.9214722008097, 12.4890423237347
41.9220005995576, 12.490499906275
41.9215249247054, 12.4911577122956
41.9206978736609, 12.4916110555389
41.9206978736609, 12.4916110555389
41.9204355024956, 12.4914024757232
41.9195385745426, 12.4908224666157
41.9190858586648, 12.4897366129995
41.9196465588873, 12.4879508362488
41.9192976055897, 12.4863883146808
41.9187718784938, 12.4854338506452
41.9183036249062, 12.4844101580006
41.918073150394, 12.4842116945923
41.9179746240847, 12.4840945661522
41.9187778564389, 12.4828514647005
41.9199537877197, 12.4819999286662
41.9207118433508, 12.4806813034791
41.9207241940749, 12.4803520368615
41.920529250628, 12.4797896516341
41.920569548745, 12.4805071132541
41.920569548745, 12.4805071132541
41.920569548745, 12.4805071132541
41.920569548745, 12.4805071132541
41.920569548745, 12.4805071132541
41.920569548745, 12.4805071132541
41.920569548745, 12.4805071132541
41.920569548745, 12.4805071132541
41.920569548745, 12.4805071132541
41.920569548745, 12.4805071132541
41.920569548745, 12.4805071132541
41.920569548745, 12.4805071132541
41.920569548745, 12.4805071132541
41.9206697251747, 12.4805385159672
41.9206697251747, 12.4805385159672
41.9206697251747, 12.4805385159672
41.9206697251747, 12.4805385159672
41.9206697251747, 12.4805385159672
41.9207068750614, 12.4804775602192
41.9207068750614, 12.4804775602192
41.9207068750614, 12.4804775602192
41.9207068750614, 12.4804775602192
41.9207068750614, 12.4804775602192
41.9207068750614, 12.4804775602192
41.9207068750614, 12.4804775602192
41.9207068750614, 12.4804775602192
41.9207068750614, 12.4804775602192
41.9207068750614, 12.4804775602192
41.9207068750614, 12.4804775602192
41.9207068750614, 12.4804775602192
41.9207068750614, 12.4804775602192
41.9207068750614, 12.4804775602192
41.9207068750614, 12.4804775602192
41.9207068750614, 12.4804775602192
41.9207068750614, 12.4804775602192
41.9207068750614, 12.4804775602192
41.9207068750614, 12.4804775602192
41.9207068750614, 12.4804775602192
41.9207068750614, 12.4804775602192
41.9207068750614, 12.4804775602192
41.9207068750614, 12.4804775602192
41.9207068750614, 12.4804775602192
41.9207068750614, 12.4804775602192
41.9207068750614, 12.4804775602192
41.9207068750614, 12.4804775602192
41.9207068750614, 12.4804775602192
41.9207068750614, 12.4804775602192
41.9207068750614, 12.4804775602192
41.9207068750614, 12.4804775602192
41.9207068750614, 12.4804775602192
41.9206912993797, 12.4799171244327
41.9204770242623, 12.4796959974006
41.9204636638719, 12.4797102066842
41.9194529344587, 12.4788170555108
41.9191470614776, 12.4765467490126
41.9191548565794, 12.4747032894975
