41.922346470575, 12.5148313356816
41.9225017191059, 12.5144775107916
41.9229726859831, 12.51315699448
41.9234483541672, 12.5123713468946
41.9231581695866, 12.5119982361839
41.9222684690002, 12.5111872122708
41.921183112, 12.5100616942628
41.9206662535255, 12.5094440639024
41.9204095128641, 12.5091123866685
41.9205346320481, 12.5082782461996
41.9211369954676, 12.5069940049285
41.9216016472408, 12.5059997559521
41.9219917108534, 12.5049487107945
41.9224092666695, 12.5038045828058
41.9228000152198, 12.5029549964562
41.9228230158252, 12.502902989733
41.9229987034324, 12.502349735691
41.9232776723628, 12.5015696178487
41.9238385694915, 12.5003468980021
41.9245706797277, 12.4987777303619
41.9251884503679, 12.4974067489986
41.9251367894642, 12.4955746162662
41.9237093605303, 12.4944113224276
41.9231032640904, 12.4935530084448
41.9231032640905, 12.4935530084449
41.9230645249254, 12.493519654196
41.9226005752331, 12.4927706192257
41.922567230942, 12.4927180111729
41.922567230942, 12.4927180111729
41.922567230942, 12.4927180111729
41.922567230942, 12.4927180111729
41.922567230942, 12.4927180111729
41.922567230942, 12.4927180111729
41.922567230942, 12.4927180111729
41.9222697548297, 12.4923182528969
41.9211003220787, 12.4920723068983
41.9209229511908, 12.4918701412006
41.9209229511908, 12.4918701412006
41.9206525538872, 12.4916288140538
41.9195163362274, 12.4907128704007
41.9192330828155, 12.4894829498238
41.9197246058122, 12.4877283893873
41.919475304294, 12.4867485103266
41.9193323089424, 12.486531150339
41.9187229612312, 12.4852506256263
41.9185043413754, 12.4846618384847
41.9180089288075, 12.4841152567346
41.9189268677381, 12.4826217445909
41.9202984042812, 12.4817151271774
41.9207528847506, 12.4804867497584
41.9205609887954, 12.4797734795299
41.9204746086982, 12.4802150071073
41.9204746086982, 12.4802150071073
41.9204746086982, 12.4802150071073
41.9204746086982, 12.4802150071073
41.9204746086982, 12.4802150071073
41.9204746086982, 12.4802150071073
41.9204746086982, 12.4802150071073
41.9204746086982, 12.4802150071073
41.9204746086982, 12.4802150071073
41.9204746086982, 12.4802150071073
41.9204746086982, 12.4802150071073
41.9204746086982, 12.4802150071073
41.9204746086982, 12.4802150071073
41.9204746086982, 12.4802150071073
41.9204746086982, 12.4802150071073
41.9204746086982, 12.4802150071073
41.9204746086982, 12.4802150071073
41.9204746086982, 12.4802150071073
41.9205030485347, 12.4802885955286
41.9204876719378, 12.4803827443684
41.9204592529887, 12.4803996194958
41.9204401981973, 12.4804050152783
41.9204683676739, 12.4803474631772
41.9204759282644, 12.4803339053081
41.9204548611431, 12.4803050510082
41.9204514380461, 12.4802793354101
41.9205032062145, 12.4802210217001
41.9205032062145, 12.4802210217
41.9205032062145, 12.4802210217
41.9204897690926, 12.4802534004233
41.9203327017109, 12.4803755322228
41.9203851493202, 12.4803610601548
41.920328664225, 12.4803078736433
41.9202581898039, 12.480383776415
41.920205502099, 12.4804176458962
41.9202423758089, 12.480412734822
41.9202544994439, 12.4804117359102
41.9202701985029, 12.4804027910856
41.9202701999187, 12.4804027906164
41.9202701999187, 12.4804027906164
41.9202892833226, 12.4803969088021
41.9203357662602, 12.4803946402745
41.9203357662602, 12.4803946402745
41.9203416961442, 12.4803813678376
41.9203820496906, 12.4803041441069
41.9203840924725, 12.4803117174552
41.9203640221913, 12.4803163053251
41.9203265839492, 12.4803901013035
41.9203806586587, 12.4804334064189
41.9203611762652, 12.4804524441227
