41.8822362328101, 12.4748328905048
41.8825734360871, 12.4753808525694
41.8836424865122, 12.4768614639176
41.8853066696454, 12.4788556241933
41.8862930038439, 12.4798884311199
41.8871915818519, 12.4806944930865
41.887479117096, 12.4809051259007
41.887479117096, 12.4809051259007
41.8880326955209, 12.4811875913615
41.8892560631167, 12.4813293545031
41.89045021766, 12.4808097824224
41.8905898396126, 12.4807551504576
41.8917938124019, 12.4802823962235
41.892854807398, 12.4808403264352
41.8938816134394, 12.4819403285839
41.8950493807866, 12.4821200413058
41.8958909231531, 12.4827572042423
41.8968441920924, 12.4821920017508
41.8982440209139, 12.4814250780327
41.8999828370932, 12.4808618644898
41.9014611602662, 12.4803730370878
41.9016409906002, 12.4811822013712
41.9022641162956, 12.4834586188068
41.9028584568789, 12.485626803272
41.9033363214675, 12.487462696429
41.90367667364, 12.4889179561885
41.9045203042464, 12.4883011331127
41.9059943963878, 12.4887077566845
41.9065560334457, 12.4904170198074
41.907422075977, 12.4901634340829
41.907488320383, 12.4903336034366
41.9077742277127, 12.4912499471653
41.9076658122627, 12.4909430408334
41.9076658122627, 12.4909430408334
41.9076658122627, 12.4909430408334
41.9076658122627, 12.4909430408334
41.9076658122627, 12.4909430408334
41.9076658122627, 12.4909430408334
41.9076658122627, 12.4909430408334
41.9076658122627, 12.4909430408334
41.9076658122627, 12.4909430408334
41.9076658122627, 12.4909430408334
41.9076658122627, 12.4909430408334
41.9076658122627, 12.4909430408334
41.9076658122627, 12.4909430408334
41.9076658122627, 12.4909430408334
41.9075997545127, 12.4910137104519
41.9075997545127, 12.4910137104519
41.9075997545127, 12.4910137104519
41.9075997545127, 12.4910137104519
41.9075997545127, 12.4910137104519
41.9076362722602, 12.490945122718
41.9076362722602, 12.490945122718
41.9076362722602, 12.490945122718
41.9076362722602, 12.490945122718
41.9076362722602, 12.490945122718
41.9076362722602, 12.490945122718
41.9076439947241, 12.4909579093624
41.9076658357693, 12.4909804759535
41.9076658357693, 12.4909804759535
41.9076577183106, 12.4910127785088
41.9076577183106, 12.4910127785088
41.9076577183106, 12.4910127785088
41.9076577183106, 12.4910127785088
41.9076244065601, 12.4910716749033
41.9076205146791, 12.4911018719146
41.9076765893383, 12.4910031001554
41.9076876919505, 12.491031675948
41.9076786078183, 12.4910862836955
41.9077295533913, 12.4909793994083
41.9077517279514, 12.4909287496949
41.9077517279514, 12.4909287496949
41.9077517279514, 12.4909287496949
41.9077517279514, 12.4909287496949
41.9077517279514, 12.4909287496949
41.9077517279514, 12.4909287496949
41.9077517279514, 12.4909287496949
41.9077103644326, 12.4909301224177
41.9076922951787, 12.490913573311
41.9076485580117, 12.4909618563213
41.9076830656456, 12.4909428442966
41.9076890676848, 12.4909394907896
41.9076890680345, 12.4909394912653
41.9076890680345, 12.4909394912653
41.9076890680345, 12.4909394912653
41.9076890680345, 12.4909394912653
41.9076890680345, 12.4909394912653
41.9076890680345, 12.4909394912653
41.9076890680345, 12.4909394912653
41.9076890680345, 12.4909394912653
41.9076890680345, 12.4909394912653
41.9076890680345, 12.4909394912653
41.9076890680345, 12.4909394912653
41.9076890680345, 12.4909394912653
41.9076890680345, 12.4909394912653
41.9076890680345, 12.4909394912653
41.9076890680345, 12.4909394912653
41.9076890680345, 12.4909394912653
41.9076890680345, 12.4909394912653
41.9076890680345, 12.4909394912653
41.9076890680345, 12.4909394912653
41.9076890680345, 12.4909394912653
41.9076890680345, 12.4909394912653
41.9076890680345, 12.4909394912653
41.9076890680345, 12.4909394912653
41.9076890680345, 12.4909394912653
41.9076890680345, 12.4909394912653
41.9076890680345, 12.4909394912653
41.9076890680345, 12.4909394912653
41.9076890680345, 12.4909394912653
41.9076890680345, 12.4909394912653
41.9076890680345, 12.4909394912653
41.9076890680345, 12.4909394912653
41.9076890680345, 12.4909394912653
41.9076890680345, 12.4909394912653
41.9076890680345, 12.4909394912653
41.9076890680345, 12.4909394912653
41.9076890680345, 12.4909394912653
41.9076890680345, 12.4909394912653
41.9076890680345, 12.4909394912653
41.9076890680345, 12.4909394912653
41.9076890680345, 12.4909394912653
41.9076890680345, 12.4909394912653
41.9076890680345, 12.4909394912653
41.9076890680345, 12.4909394912653
41.9076890680345, 12.4909394912653
41.9076890680345, 12.4909394912653
41.9076890680345, 12.4909394912653
41.9076890680345, 12.4909394912653
41.9076890680345, 12.4909394912653
41.9076890680345, 12.4909394912653
41.9076890680345, 12.4909394912653
41.9076890680345, 12.4909394912653
41.9076890680345, 12.4909394912653
41.9076890680345, 12.4909394912653
41.9076890680345, 12.4909394912653
41.9076890680345, 12.4909394912653
41.9076890680345, 12.4909394912653
41.9076890680345, 12.4909394912653
41.9076890680345, 12.4909394912653
41.9076890680345, 12.4909394912653
41.9076890680345, 12.4909394912653
41.9076890680345, 12.4909394912653
41.9076890680345, 12.4909394912653
41.9076791472986, 12.4909345249726
41.9076771582737, 12.4909142619384
41.9076767210684, 12.490909527521
41.9076802829215, 12.4909058505445
41.9076802829073, 12.4909058505453
41.9076802829073, 12.4909058505453
41.9076447400444, 12.4907617163267
41.907621852071, 12.4906742970518
41.907621852071, 12.4906742970518
41.907621852071, 12.4906742970518
41.907621852071, 12.4906742970518
41.9076243839071, 12.4906570791828
41.9076364325763, 12.4906259445763
41.9076364378872, 12.4906259387978
41.9076364378872, 12.4906259387978
41.9076364378872, 12.4906259387978
41.9076364378872, 12.4906259387978
41.9076364378872, 12.4906259387978
41.9076364378872, 12.4906259387978
41.9076364378872, 12.4906259387978
41.9076364378872, 12.4906259387978
41.9076364378872, 12.4906259387978
41.9076364378872, 12.4906259387978
41.9076364378872, 12.4906259387978
41.907613097916, 12.4906399019773
41.90761559427, 12.4906374129725
41.90761559427, 12.4906374129725
41.9076155930735, 12.4906374137224
41.9076155930735, 12.4906374137224
41.9076155930735, 12.4906374137224
41.9076155930735, 12.4906374137224
41.9076155930735, 12.4906374137224
41.9076155930735, 12.4906374137224
41.9076155930735, 12.4906374137224
41.9076155930735, 12.4906374137224
41.9076155930735, 12.4906374137224
41.9076155930735, 12.4906374137224
41.9076155930735, 12.4906374137224
41.9076155930735, 12.4906374137224
41.9076155930735, 12.4906374137224
41.9076155930735, 12.4906374137224
41.9076155930735, 12.4906374137224
41.9076083276832, 12.4906063920541
41.9075940331614, 12.4905379344665
41.9075940331614, 12.4905379344665
41.9075940331614, 12.4905379344665
41.9075940331614, 12.4905379344665
41.9075940331614, 12.4905379344665
41.9075940331614, 12.4905379344665
41.9075940331614, 12.4905379344665
41.9075940331614, 12.4905379344665
41.9075940331614, 12.4905379344665
41.9075940331614, 12.4905379344665
41.9075940331614, 12.4905379344665
41.9075940331614, 12.4905379344665
41.9075940331614, 12.4905379344665
41.9075940331614, 12.4905379344665
41.9075940331614, 12.4905379344665
41.9075940331614, 12.4905379344665
41.9075940331614, 12.4905379344665
41.9075940331614, 12.4905379344665
41.9075940331614, 12.4905379344665
41.9075940331614, 12.4905379344665
41.9075940331614, 12.4905379344665
41.9075940331614, 12.4905379344665
41.9075940331614, 12.4905379344665
41.9075940331614, 12.4905379344665
41.9075940331614, 12.4905379344665
41.9075940331614, 12.4905379344665
41.9075940331614, 12.4905379344665
41.9075940331614, 12.4905379344665
41.9075940331614, 12.4905379344665
41.9075940331614, 12.4905379344665
41.9075940331614, 12.4905379344665
41.9075940331614, 12.4905379344665
41.9075940331614, 12.4905379344665
41.9075940331614, 12.4905379344665
41.9075940331614, 12.4905379344665
41.9075940331614, 12.4905379344665
41.9075940331614, 12.4905379344665
41.9075940331614, 12.4905379344665
41.9075940331614, 12.4905379344665
41.9075940331614, 12.4905379344665
41.9075940331614, 12.4905379344665
41.9075940331614, 12.4905379344665
41.9075805216373, 12.4905961679852
41.9075487798882, 12.4906352183216
41.907537584337, 12.4906418503181
41.9075320896673, 12.4906342284772
41.9075320738881, 12.4905892377864
41.907616126265, 12.490572752713
41.9075584476582, 12.4906206706019
41.9075547647735, 12.4906556467689
41.9075664113161, 12.4906390753313
41.907567446806, 12.4906029661081
