41.9132052096706, 12.4666251207817
41.9132052096706, 12.4666251207817
41.9136603628737, 12.4679466481426
41.9139192490069, 12.4690172965531
41.9139409275736, 12.4691486475939
41.9139409275736, 12.4691486475939
41.9139409275736, 12.4691486475939
41.9139409275736, 12.4691486475939
41.9141685572008, 12.4696705743026
41.9144775757667, 12.4713210152244
41.9144775757667, 12.4713210152244
41.9144775757667, 12.4713210152244
41.9144775757667, 12.4713210152244
41.9144775757667, 12.4713210152244
41.9145105498674, 12.4716788230332
41.9149339239527, 12.473414813377
41.9151080728195, 12.4741943245159
41.9151080728195, 12.4741943245159
41.9155980661926, 12.4743956277469
41.9169647676758, 12.4737202103558
41.9181552700775, 12.4732240583318
41.9182941268245, 12.4744625489931
41.9183517818512, 12.476534056194
41.9187286384648, 12.4781989846357
41.9176411573529, 12.4795592773309
41.9174839738919, 12.4796335618061
41.9173560042457, 12.4799602724833
41.9166601052729, 12.4814351549241
41.9164906988469, 12.4804560478696
41.9156105474485, 12.4809998378077
41.914573834674, 12.4805995462682
41.9137800959268, 12.4804029781912
41.9134155837508, 12.4825821101979
41.9124808101658, 12.4846514686838
41.9114780438495, 12.4862560661493
41.9101001058927, 12.487727855556
41.9099858689654, 12.4878308984017
41.9096405546829, 12.4885699513254
41.9096464438511, 12.4899292090346
41.9091714408229, 12.4900988378888
41.9094248816793, 12.4912216105678
41.909605976535, 12.492131609347
41.909688679992, 12.4924248899178
41.9098902588666, 12.4931975370808
41.9101271800828, 12.4940375247246
41.9099862761604, 12.4941304339466
41.9099862761604, 12.4941304339466
41.9099862761604, 12.4941304339466
41.9093783518183, 12.4942148465347
41.9092336789322, 12.4942828508188
41.9092336789322, 12.4942828508188
41.9092336789322, 12.4942828508188
41.908657586989, 12.4945046563247
41.9086024566811, 12.4940250739884
41.908595721807, 12.4940082530951
41.908595721807, 12.4940082530951
41.908595721807, 12.4940082530951
41.908595721807, 12.4940082530951
41.908595721807, 12.4940082530951
41.908595721807, 12.4940082530951
41.908595721807, 12.4940082530951
41.908595721807, 12.4940082530951
41.908595721807, 12.4940082530951
41.908595721807, 12.4940082530951
41.908595721807, 12.4940082530951
41.908595721807, 12.4940082530951
41.908595721807, 12.4940082530951
41.908595721807, 12.4940082530951
41.908595721807, 12.4940082530951
41.908595721807, 12.4940082530951
41.908595721807, 12.4940082530951
41.908595721807, 12.4940082530951
41.908612764833, 12.4939971102296
41.908612764833, 12.4939971102296
41.9085275336802, 12.4936877916894
41.9082306251416, 12.4926973916306
41.9081038464724, 12.4923654714723
41.9080199723024, 12.4921072302508
41.9080144652157, 12.4920474968669
41.9080538129364, 12.492090074494
41.9081059019194, 12.4921405604514
41.9080896391754, 12.4921882788729
41.9080860268293, 12.4922005537081
41.9080860268293, 12.4922005537081
41.9080860268293, 12.4922005537081
41.9080727389102, 12.4921701043786
41.9079759691688, 12.4919868160674
41.9079759691688, 12.4919868160674
41.9079759691688, 12.4919868160674
41.9079759691688, 12.4919868160674
41.9079759691688, 12.4919868160674
41.9079759691688, 12.4919868160674
41.9079759691688, 12.4919868160674
41.9079759691688, 12.4919868160674
41.9079759691688, 12.4919868160674
41.9079759691688, 12.4919868160674
41.9079759691688, 12.4919868160674
41.9079713080704, 12.4919446976432
41.9079713079965, 12.4919446955355
41.9079713079965, 12.4919446955355
41.9079713079965, 12.4919446955355
41.9079713079965, 12.4919446955355
41.9079713079965, 12.4919446955355
41.9079713079965, 12.4919446955355
41.9079713079965, 12.4919446955355
41.9079713079965, 12.4919446955355
41.9079713079965, 12.4919446955355
41.9079713079965, 12.4919446955355
41.9079713079965, 12.4919446955355
41.9079713079965, 12.4919446955355
41.9079713079965, 12.4919446955355
41.9079713079965, 12.4919446955355
41.9079713079965, 12.4919446955355
41.9079713079965, 12.4919446955355
41.9079713079965, 12.4919446955355
41.9079713079965, 12.4919446955355
41.9079713079965, 12.4919446955355
41.9079713079965, 12.4919446955355
41.9079713079965, 12.4919446955355
41.9079713079965, 12.4919446955355
41.9079713079965, 12.4919446955355
41.9079713079965, 12.4919446955355
41.9079713079965, 12.4919446955355
41.9079713079965, 12.4919446955355
41.9079713079965, 12.4919446955355
41.9079713079965, 12.4919446955355
41.9079713079965, 12.4919446955355
41.9079713079965, 12.4919446955355
41.9079713079965, 12.4919446955355
41.9079713079965, 12.4919446955355
41.9079713079965, 12.4919446955355
41.9079713079965, 12.4919446955355
41.9079713079965, 12.4919446955355
41.9079713079965, 12.4919446955355
41.9078883748913, 12.4919301929462
41.9078081085896, 12.4915021481595
