41.9197623168814, 12.4875306091604
41.9196774247236, 12.4877483447638
41.9191116675423, 12.489633945124
41.9183641519847, 12.4914063040107
41.9181740022873, 12.4917130133717
41.9178578279471, 12.4921657379383
41.9169885030004, 12.4921726893909
41.9171969299391, 12.491110210467
41.9179343373637, 12.4915289576132
41.9180102109113, 12.4916591465652
41.9180102109113, 12.4916591465652
41.9180102109113, 12.4916591465652
41.9180102109113, 12.4916591465652
41.9180102109113, 12.4916591465652
41.9180102109113, 12.4916591465652
41.9180102109113, 12.4916591465652
41.9180102109113, 12.4916591465652
41.9180102109113, 12.4916591465652
41.9180102109113, 12.4916591465652
41.9180102109113, 12.4916591465652
41.9180102109113, 12.4916591465652
41.9180102109113, 12.4916591465652
41.9180102109113, 12.4916591465652
41.9180102109113, 12.4916591465652
41.9180102109113, 12.4916591465652
41.9180102109113, 12.4916591465652
41.9180102109113, 12.4916591465652
41.9180102109113, 12.4916591465652
41.9179869872289, 12.4916582159785
41.9179869872289, 12.4916582159785
41.9179869872289, 12.4916582159785
41.9179869872289, 12.4916582159785
41.9179869872289, 12.4916582159785
41.9179869872289, 12.4916582159785
41.9179869872289, 12.4916582159785
41.9179888227865, 12.4916658032628
41.9179949330205, 12.491677507327
41.9179415569355, 12.491668389956
41.9178578947339, 12.4916555384823
41.9178578947339, 12.4916555384823
41.9178578947339, 12.4916555384823
41.9178578947339, 12.4916555384823
41.9178578947339, 12.4916555384823
41.9178578947339, 12.4916555384823
41.9178578947339, 12.4916555384823
41.9178578947339, 12.4916555384823
41.9179482868608, 12.4917256437432
41.9180116010626, 12.4916137378602
41.9179693854015, 12.4916710005543
41.9180410654034, 12.4916962681027
41.9180460826001, 12.4916903810261
41.9180460826001, 12.4916903810261
41.9180460826001, 12.4916903810261
41.9180460826001, 12.4916903810261
41.9180460826001, 12.4916903810261
41.9180460826001, 12.4916903810261
41.9180460826001, 12.4916903810261
41.9179953611182, 12.4916265874634
41.9180183991179, 12.491617827148
41.9180362071919, 12.4916070479224
41.9180219811388, 12.491641684703
41.9179958266001, 12.4916781523976
41.9179740087692, 12.4916968249643
41.91797346393, 12.4916327159108
41.9179719429864, 12.4916379021137
41.9179412862387, 12.4917091291996
41.9179243480248, 12.4917543097151
41.9179054664518, 12.4917516279579
41.9179229358544, 12.491727670853
41.9179846252283, 12.4916621440591
41.9179699060917, 12.4917088679836
41.9179822119809, 12.4916975735287
41.9179654341364, 12.4916588059552
41.917961884811, 12.4916778009369
41.9179930150897, 12.4916692394365
41.9179779006411, 12.4916246708348
41.9179271064939, 12.4916410992863
41.9178736615883, 12.4917119049842
41.9178736615882, 12.4917119049799
41.9178736615882, 12.4917119049799
41.9178736615882, 12.4917119049799
41.9178736615882, 12.4917119049799
41.9178736615882, 12.4917119049799
41.9178736615882, 12.4917119049799
41.9178736615882, 12.4917119049799
41.9178736615882, 12.4917119049799
41.9178736615882, 12.4917119049799
41.9179145329035, 12.491764239394
41.9179668831749, 12.4917826812322
41.9178924501388, 12.4916958972443
41.9178922383523, 12.4916346031694
41.9178922383523, 12.4916346031694
41.9178922383523, 12.4916346031694
41.9178768892004, 12.4916907979657
41.9178615007062, 12.491746000714
41.9178510891421, 12.4917606369398
41.9179156249804, 12.4917824315808
41.9179156249804, 12.4917824315808
41.9179156249804, 12.4917824315808
41.9180116837625, 12.4919097181542
41.9171521300247, 12.4933216709491
41.9158974683476, 12.4941372538905
41.9157124035408, 12.4941137117006
41.9156474745856, 12.4941030704389
41.9144210014547, 12.4938413124071
41.9128622499206, 12.4928720604614
41.9113796673758, 12.491725827609
41.9105486607675, 12.4902132021185
41.9098911633996, 12.48880734848
41.9095071718276, 12.4881893743443
41.9085059309794, 12.489003935085
41.9072295361306, 12.4899441861766
41.9060914326262, 12.4896945886323
41.9054348558945, 12.4880133922315
41.9045884614502, 12.4882661068759
41.903942006413, 12.4885512645704
41.903301135779, 12.4875217228907
41.9028505438215, 12.485867295584
41.90240518773, 12.4841739470396
41.9022996433679, 12.4835162361348
41.9019371577503, 12.4817046755478
41.9022243546199, 12.4812528602734
41.9020349659051, 12.4806739586276
41.9016249655481, 12.4801164040078
41.9008359083809, 12.4804893552109
41.8999857952764, 12.4808581356502
41.899412433399, 12.4811523422877
41.8985561655621, 12.4814639396303
