41.9035316675611, 12.4792788414639
41.9031819672779, 12.4794463860306
41.9030083271747, 12.4795578403904
41.9027414323618, 12.4797091954725
41.9026976031034, 12.4797189292467
41.9026976031034, 12.4797189292467
41.9026976031034, 12.4797189292467
41.9026735837658, 12.4797339957559
41.9024229891568, 12.4798149490558
41.9017941988455, 12.4800395209503
41.9014893033999, 12.4804370606427
41.901670883138, 12.4809481571841
41.9017441622983, 12.4811989405348
41.9019318349357, 12.4817648018528
41.9020942747163, 12.4825086103951
41.9023896261137, 12.4832306944034
41.9025660584185, 12.484493267691
41.90267467437, 12.4848536414822
41.90267467437, 12.4848536414822
41.90267467437, 12.4848536414822
41.9027843263241, 12.4851788721441
41.9029199460833, 12.4859095492945
41.9031800827086, 12.4867526116654
41.9033148210144, 12.4871823016977
41.9033156746106, 12.4871874671371
41.9034589212532, 12.4879017178173
41.9035760041426, 12.4886482851693
41.9037895153608, 12.4892612329487
41.9042125026792, 12.4904486211689
41.9044454202258, 12.4911920957424
41.9046875454967, 12.4918158403337
41.9047960997621, 12.4927427426094
41.9047894610486, 12.4931394683199
41.9047894610486, 12.4931394683199
41.9047647365617, 12.4932627394849
41.9046298982912, 12.493654911574
41.9045873567795, 12.4937491520941
41.9044718198121, 12.4939026046515
41.9044718198121, 12.4939026046515
41.9044718198121, 12.4939026046515
41.9044718198121, 12.4939026046515
41.9044718198121, 12.4939026046515
41.9043402949154, 12.4940806500592
41.904249167573, 12.4943533489251
41.904249167573, 12.4943533489251
41.904249167573, 12.4943533489251
41.9042107863723, 12.49439955674
41.9041450629681, 12.4944990963682
41.9041450629681, 12.4944990963682
41.9041450629681, 12.4944990963682
41.9040300878036, 12.4947052085784
41.9038135775896, 12.4948738308146
41.9035702097356, 12.4951951888709
41.9034109992279, 12.4953540740649
41.9030108313049, 12.4957991486101
41.9025185790745, 12.4960429632673
41.9027131991204, 12.496582218605
41.9029563776068, 12.496470957136
41.9030168254084, 12.496398246264
41.9030168254084, 12.496398246264
41.9030168254084, 12.496398246264
41.9030168254084, 12.496398246264
41.9030168254084, 12.496398246264
41.9030168254084, 12.496398246264
41.9030168254084, 12.496398246264
41.9030168254084, 12.496398246264
41.9030168254084, 12.496398246264
41.9030168254084, 12.496398246264
41.9030168254084, 12.496398246264
41.9030168254084, 12.496398246264
41.9030168254084, 12.496398246264
41.9030168254084, 12.496398246264
41.9030168254084, 12.496398246264
41.9030168254084, 12.496398246264
41.9030168254084, 12.496398246264
41.9030168254084, 12.496398246264
41.9030168254084, 12.496398246264
41.9030168254084, 12.496398246264
41.9030168254084, 12.496398246264
41.9030168254084, 12.496398246264
41.9030168254084, 12.496398246264
41.9030168254084, 12.496398246264
41.9030168254084, 12.496398246264
41.9030168254084, 12.496398246264
41.9030168254084, 12.496398246264
41.9030168254084, 12.496398246264
41.9030168254084, 12.496398246264
41.9030303513328, 12.4963473466631
41.9030346422469, 12.4963018399626
41.9030401592118, 12.4963015310739
41.9030725700095, 12.4962832923223
41.9030802791135, 12.4962993879067
41.9030475279068, 12.4963353222925
41.9030171517692, 12.4963711660124
41.9030019145664, 12.4963602109093
41.903026253415, 12.4963272085643
41.9030653660224, 12.4962769489142
41.9030483380118, 12.496296341519
41.9030550928467, 12.4963317226725
41.9030388820403, 12.4963545789253
41.9030280204511, 12.496319043821
41.9030727352625, 12.4963129524887
41.9030868518379, 12.4962884940818
41.9030669239054, 12.4962626277289
41.903063518341, 12.4962156305842
41.9030623860556, 12.4962254119757
41.9030576718615, 12.4962269685891
41.9030646616138, 12.496212079728
41.903094114807, 12.4962233955422
41.9031172571078, 12.4962737015069
41.9031166994258, 12.496287094086
41.9030969680282, 12.4962785109043
41.9030713803056, 12.496272872091
41.9030386760706, 12.4962937486064
41.9030437044663, 12.4962927279883
41.9030473940511, 12.4962917738325
41.9030833783747, 12.4962899211181
41.9030810304489, 12.4962822110514
41.9030540276827, 12.4962703149493
41.9030810266875, 12.4962217220672
41.9031173832119, 12.496140999947
41.9031368060614, 12.4961048802033
41.9031252059723, 12.4960772617827
41.9030480980587, 12.496184540785
41.9030197315276, 12.4962031437934
41.9030058737673, 12.49623050207
41.9030173451002, 12.4962537109243
41.9030257219928, 12.496236088653
41.903032779312, 12.4962051373788
41.9030281992131, 12.4961979912757
41.9030342570237, 12.496173902636
41.9030350596292, 12.4961711216561
41.9030420627536, 12.4961678743551
41.9030355023105, 12.4961576580659
41.903034013984, 12.4961464097043
41.903034013984, 12.4961464097043
41.903034013984, 12.4961464097043
41.903034013984, 12.4961464097043
41.903034013984, 12.4961464097043
41.903034013984, 12.4961464097043
41.9030382450305, 12.4961434441431
41.903102812885, 12.4961039134879
41.9031127402722, 12.4961062948537
41.9031195945143, 12.4960900948932
41.903103420256, 12.4960900936804
41.9030935006618, 12.496137433999
41.9031114552777, 12.4961349565478
41.903112234192, 12.4961170106398
41.903099575803, 12.4961051751663
41.9031217068585, 12.4961050804024
41.9031337285936, 12.496092934751
41.9030873231452, 12.4960714774185
41.9030284573388, 12.4960689197323
41.9030242447069, 12.4960467569706
41.9030979014698, 12.496033792854
41.9030687927403, 12.4960869812051
41.9030604916971, 12.4960785099509
41.9030568908754, 12.4960854873362
41.9030736182618, 12.4960714867186
41.9030525351798, 12.4960629435784
41.9030415153531, 12.4960624299719
41.9030953390833, 12.4959638818624
41.9029973495571, 12.4959822179984
41.9029575659757, 12.4959872923396
41.9029953325185, 12.4960048383058
41.9030174682164, 12.4960983417312
41.9030651426556, 12.4961171975886
41.9030391844453, 12.4960317409661
41.903021404473, 12.4959692439501
41.9030402830041, 12.4959602275146
41.9030477084429, 12.495972339093
41.9030477084472, 12.4959723390899
41.9030477084472, 12.4959723390899
41.9030477084472, 12.4959723390899
41.9030477084472, 12.4959723390899
41.9030477084472, 12.4959723390899
41.9030477084472, 12.4959723390899
41.9030477084472, 12.4959723390899
41.9030477084472, 12.4959723390899
41.9030477084472, 12.4959723390899
41.9030477084472, 12.4959723390899
41.9030477084472, 12.4959723390899
41.9030477084472, 12.4959723390899
41.9030477084472, 12.4959723390899
41.9030477084472, 12.4959723390899
41.9030477084472, 12.4959723390899
41.9029596452451, 12.4959081448333
41.9026796410112, 12.4958023531392
41.9022023696992, 12.4955549216124
41.9016872724874, 12.494896162182
41.9013243930743, 12.4942145131256
41.9008838250918, 12.4935129782998
41.9001285140698, 12.4923440962473
41.8995497932497, 12.4915049327674
41.8991076170097, 12.4907803577035
41.8989959792622, 12.4906650511151
41.8989959792622, 12.4906650511151
41.8989959792622, 12.4906650511151
41.8989335229264, 12.4905909366136
41.8984636291317, 12.4898208322148
41.8977897385999, 12.4887802481951
41.8970298784265, 12.487599222321
41.8968281588427, 12.4872344445786
41.8965116459647, 12.4867953735244
41.8963499588733, 12.4866156736215
41.8963499588733, 12.4866156736215
41.8963499588733, 12.4866156736215
41.896106893199, 12.4871549352711
41.8954739038482, 12.4869062005181
41.8949763961452, 12.4866801654845
41.8942379998825, 12.4873248932465
41.8938178865448, 12.4875465102429
41.8937692428974, 12.4878800733366
41.8934166364719, 12.4880447367954
41.8932832658419, 12.487543611925
41.8932832658419, 12.487543611925
41.8932832658419, 12.487543611925
41.8932832658419, 12.487543611925
41.8932832658419, 12.487543611925
41.8932832658419, 12.487543611925
41.8932668410083, 12.4874951414251
41.8928837898196, 12.4875444470481
41.89235273956, 12.4887008368509
41.891788967161, 12.4897815835414
41.8913731120583, 12.4905445642652
41.8912941781025, 12.4907935355322
41.8912941781025, 12.4907935355322
41.8912759355485, 12.4910069853967
