41.8901108706802, 12.5069007010326
41.8901108706802, 12.5069007010326
41.8901108706802, 12.5069007010326
41.8907007309345, 12.5066287800081
41.8914612219964, 12.5062586075634
41.8923397866115, 12.5058663744682
41.8928942030972, 12.5055259053201
41.8935518163965, 12.5047509559543
41.8939168876885, 12.5040628769478
41.8943267406823, 12.5033374415674
41.8947417487809, 12.5026578538011
41.8954339616865, 12.5028156586859
41.8957779278556, 12.5023455199995
41.8962943259592, 12.5013939818149
41.8966002409418, 12.5008150930657
41.8970179795666, 12.4998917564796
41.8972944366055, 12.4994811114601
41.8979768647637, 12.4988676222273
41.8985134980026, 12.4977816525735
41.899262502791, 12.49699974703
41.899626140569, 12.4967418817139
41.9002426308694, 12.4963541919038
41.9005227849189, 12.4961470081696
41.901259781837, 12.4956473266151
41.9017691681834, 12.4952900148207
41.9020783218918, 12.4953609755446
41.902314718641, 12.4956697777962
41.9025712151252, 12.496580044129
41.9030612125012, 12.4964637179592
41.903545917463, 12.4960386588288
41.9039409426904, 12.4964857742679
41.9045460141145, 12.4969627868102
41.9049152551249, 12.496522336224
41.9053567649112, 12.4960140482764
41.9053567649112, 12.4960140482764
41.9053567649112, 12.4960140482764
41.9053567649112, 12.4960140482764
41.9054121292299, 12.4959552028816
41.9055406085062, 12.4957685616721
41.9057213966059, 12.4954643134107
41.9059282268653, 12.4951150747453
41.9061701033952, 12.4941851930206
41.9064666648266, 12.4939683233004
41.9068712784407, 12.4939178382027
41.9073172353113, 12.4937993320429
41.9083148045526, 12.493542715546
41.9082591429357, 12.4930634177741
41.9080628082872, 12.4921103464888
41.9080150792045, 12.4918807015643
41.9079663274295, 12.4917320554814
41.9079663274295, 12.4917320554814
41.9079663274295, 12.4917320554814
41.9079663274295, 12.4917320554814
41.9079663274295, 12.4917320554814
41.9079663274295, 12.4917320554814
41.9079663274295, 12.4917320554814
41.9079663274295, 12.4917320554814
41.9079663274295, 12.4917320554814
41.9079663274295, 12.4917320554814
41.9079663274295, 12.4917320554814
41.9079663274295, 12.4917320554814
41.9079663274295, 12.4917320554814
41.9079663274295, 12.4917320554814
41.9079663274295, 12.4917320554814
41.9079663274295, 12.4917320554814
41.9079663274295, 12.4917320554814
41.9079663274295, 12.4917320554814
41.9079663274295, 12.4917320554814
41.9079663274295, 12.4917320554814
41.9079663274295, 12.4917320554814
41.9079663274295, 12.4917320554814
41.9079663274295, 12.4917320554814
41.9079663274295, 12.4917320554814
41.9079663274295, 12.4917320554814
41.9079663274295, 12.4917320554814
41.9079663274295, 12.4917320554814
41.9079663274295, 12.4917320554814
41.9079596081159, 12.4917400254722
41.9079596081159, 12.4917400254722
41.9081009840433, 12.4917139196068
41.9080879808492, 12.491706078481
41.9080470127663, 12.4917303307407
41.9080388881775, 12.4917169045825
41.9080774241684, 12.4916718728767
41.9080480415261, 12.4916486966177
41.908001732688, 12.4916492907408
41.9079866472067, 12.4916727529734
41.9079912029632, 12.491719909449
41.9079863470261, 12.4917370781703
41.9079759950707, 12.4917536546683
41.9079293624594, 12.4917272132136
41.9078978379595, 12.4917241317862
41.9078838079003, 12.4917140628783
41.9079372751704, 12.4917248451827
41.9079704527961, 12.4917283352456
41.9079661913429, 12.4917229549526
41.9079424093863, 12.4917411129835
41.9079563487255, 12.4917571448307
41.9080052190399, 12.4917459310718
41.9080674152915, 12.4917108590229
41.9081091991527, 12.4916101916559
41.9080833294837, 12.491620764494
41.9080265421568, 12.4916427057064
41.9079808936058, 12.4917028308104
41.9079797634986, 12.4917751393848
41.9079519423596, 12.4917700971266
41.9078791813709, 12.4917918464418
41.9078622297805, 12.4918020398208
41.90786650068, 12.4917721064192
41.9078506653851, 12.491782876196
41.9078618725442, 12.4918030694088
41.9078619658193, 12.4918030833078
41.9078619658193, 12.4918030833078
41.9078619658193, 12.4918030833078
41.9078619658193, 12.4918030833078
41.9078619658193, 12.4918030833078
41.9078619658193, 12.4918030833078
41.9078700384824, 12.4918100602945
41.9078746728993, 12.491813381019
41.9078778777906, 12.4918255383038
41.9078554708642, 12.4918317259623
41.9078376064295, 12.4918457470236
41.907825986635, 12.4918551706106
41.9078035437977, 12.4918822787827
41.9077805732455, 12.4918965086328
41.9077848631992, 12.4918747778125
41.9077848631992, 12.4918747778125
41.9077867871399, 12.4917150712178
41.9076630714782, 12.4908786911314
41.9075944347308, 12.4905278356368
41.9076443724102, 12.4904933991905
41.9076509180844, 12.4904728004881
41.9076451185246, 12.4904797381407
41.9076532530319, 12.4904671295257
41.9076717652451, 12.4904229725726
41.9076424429487, 12.4902827041151
41.9076364136748, 12.4902493058348
41.9076596086866, 12.4902309885501
41.9076382674093, 12.4902621240375
41.9075894811436, 12.4903377388713
41.9075699030787, 12.4903693265394
41.9075491335143, 12.4903950754268
41.9075476333633, 12.490395025748
41.9076028443751, 12.4903618690414
41.9076482325652, 12.4903311035212
41.9076679788468, 12.4903094559063
41.9076591893085, 12.4903066577183
41.9076090787814, 12.4902538299098
41.90760215628, 12.4902489930643
41.907592952496, 12.4902925410105
41.9075787514899, 12.490319077374
41.9075685602397, 12.4903108277068
41.9075651629574, 12.4903036517972
41.907581339428, 12.490300272284
41.9076310727379, 12.4902883458172
41.9076310727379, 12.4902883458172
41.9076310727379, 12.4902883458172
41.9076310727379, 12.4902883458172
41.9076617721484, 12.4903347255428
41.9075125132312, 12.4904599704063
41.9074511902904, 12.4905339822347
41.9074891905761, 12.4904565254007
41.9074986022709, 12.4903745257311
41.9074988969533, 12.4903301984155
41.9075207087576, 12.4902886460244
41.9075455360144, 12.4903069221743
41.9075263253215, 12.4901744880471
41.9074975386706, 12.490173798907
41.9074878417222, 12.4901771524813
41.9074970818914, 12.490159646102
41.9075257677769, 12.4901752238847
41.9075844209632, 12.4901420022827
41.907624069228, 12.490152730633
41.9076320300559, 12.4901543982872
41.9076630255363, 12.4901105999219
41.9076954635925, 12.4900687317446
41.9076954635925, 12.4900687317446
41.9075738972509, 12.4902168716844
41.9075154279527, 12.4902452095554
41.9075382819335, 12.4902126620177
41.907512654224, 12.4901989074467
41.9075089834108, 12.4901975824602
41.9075238122455, 12.4902034237386
41.9075356078301, 12.4902003871083
41.907495481596, 12.4901889771553
41.9074884555184, 12.4902233336713
41.9074884555184, 12.4902233336713
41.9074884555184, 12.4902233336713
41.9074805547366, 12.4901541688324
41.907432525631, 12.4900543907666
41.90737453641, 12.4900479650706
41.9074068274694, 12.4899388738745
41.9074227477158, 12.4899657140402
41.906873379782, 12.4901531532044
41.906873379782, 12.4901531532044
41.9063701587563, 12.4900567235912
41.9060481773702, 12.4894505077981
41.9057546514885, 12.4885823150216
41.9051390785168, 12.4879673164389
41.9046496143898, 12.4882439184565
41.9043308788015, 12.4884986641677
41.9041855706893, 12.4885633713845
41.9037436597724, 12.4883398048044
41.9036214486809, 12.4881917544025
41.9034111809861, 12.4882152221908
41.9030719914057, 12.4887806679912
41.9023395460671, 12.490040929608
