41.9062261556712, 12.4898223067904
41.9066883894189, 12.4905109312912
41.9073261704105, 12.4900231867309
41.9075839123963, 12.4904990354386
41.9078221927924, 12.4911015725316
41.9079732365962, 12.4919557327479
41.9080188945143, 12.4921877232557
41.9081975303406, 12.4928457186618
41.9081937523546, 12.4929314400493
41.9081937523546, 12.4929314400493
41.9083630782146, 12.4931677100404
41.9086161164036, 12.4935154423243
41.9086161164036, 12.4935154423243
41.9086161164036, 12.4935154423243
41.9088120981119, 12.4934953880096
41.9091951391717, 12.4933789266233
41.909237838132, 12.4933786090641
41.909237838132, 12.4933786090641
41.909237838132, 12.4933786090641
41.909237838132, 12.4933786090641
41.909237838132, 12.4933786090641
41.9093631972191, 12.4933343922551
41.9095496710563, 12.4933111646028
41.9096665521076, 12.4932726519138
41.9097314624071, 12.493252134288
41.9097314624071, 12.493252134288
41.9097314624071, 12.493252134288
41.9099170020302, 12.4931783411602
41.9101646948588, 12.4930316793375
41.9104229530283, 12.4929386416269
41.9107129079387, 12.4928478105285
41.9107575841165, 12.4928163715738
41.9107575841165, 12.4928163715738
41.9108954306878, 12.492841321528
41.9111984026824, 12.4928234451968
41.9115288609873, 12.4926123834507
41.9116358468935, 12.4925804931751
41.9117788323722, 12.4926355215563
41.9118902168884, 12.4926085459121
41.9119374098237, 12.4925956592191
41.9119399551458, 12.4925752974976
41.9119399547855, 12.4925752967728
41.9119399547855, 12.4925752967728
41.9119399547855, 12.4925752967728
41.9119485049658, 12.4925698522946
41.912021103232, 12.4925406484937
41.9121840242753, 12.4924821803327
41.9125749179972, 12.4927537779503
41.9128381216163, 12.4928898967006
41.9128580618011, 12.4928827920408
41.9129165406824, 12.4930330558984
41.913243390106, 12.4933757736434
41.9134165529596, 12.4933265437621
41.9134615789751, 12.4932551430325
41.9137073081748, 12.4934383641389
41.9143593137939, 12.493875444579
41.9155102306733, 12.4941938110191
41.916098701072, 12.494695273623
41.9166727028463, 12.4944350218025
41.9172958640323, 12.4936592486089
41.9177206161447, 12.4935082886367
41.9185055185311, 12.4931943837204
41.9190868208188, 12.4929456161523
41.9194387820773, 12.4927748379796
41.9194387820773, 12.4927748379796
41.9194387820773, 12.4927748379796
41.9194387820773, 12.4927748379796
41.9195379068165, 12.4926975965985
41.9204724731486, 12.4920439891941
41.9207434134026, 12.4916370965649
41.920287371789, 12.4913530997747
41.9194889617339, 12.4907728373233
41.9190771951703, 12.49017812743
41.9193125100011, 12.48912232519
41.9197264226619, 12.4875709822461
41.9194209721504, 12.4866812084093
41.9189448408698, 12.4858812840017
41.9185577756772, 12.4848175358612
41.9181155819418, 12.4843176964524
41.9180599819111, 12.4842702389925
41.9180599819111, 12.4842702389925
41.9180599819111, 12.4842702389925
41.9179893383, 12.4839775055203
41.9188885497735, 12.4826226227126
41.9196949220016, 12.4819783251073
41.9202267892044, 12.481795560387
41.9206359308974, 12.4810166266179
41.9206338882853, 12.4809263589947
41.9206218790252, 12.4807864496629
41.9206218790252, 12.4807864496629
41.9206120488618, 12.4805635151268
41.9206237841369, 12.4804875097889
41.9206434522103, 12.4804249409997
41.9206434522103, 12.4804249409997
41.9206434522103, 12.4804249409997
41.9208316453388, 12.4802735886051
41.9206927386703, 12.4799584496058
41.9204012163453, 12.4798283994834
41.9203662556088, 12.4799835171315
41.9203826571979, 12.4800577013699
41.9203826571979, 12.4800577013699
41.9203826571979, 12.4800577013699
41.9203826571979, 12.4800577013699
41.9203826571979, 12.4800577013699
41.9203826571979, 12.4800577013699
41.9203826571979, 12.4800577013699
41.9203826571979, 12.4800577013699
41.9203826571979, 12.4800577013699
41.9203826571979, 12.4800577013699
41.9204738419022, 12.4802210940717
41.9204738419022, 12.4802210940717
41.9204738419022, 12.4802210940717
41.9204738419022, 12.4802210940717
41.9204738419022, 12.4802210940717
41.9204738419022, 12.4802210940717
41.9204738419022, 12.4802210940717
41.9204738419022, 12.4802210940717
41.9204738419022, 12.4802210940717
41.9204738419022, 12.4802210940717
41.9204672328503, 12.480224968228
41.9204118872945, 12.480207962211
41.9204156684278, 12.4801773086623
41.9204286603314, 12.4801929856833
41.920501004454, 12.4801478164694
41.9205538562495, 12.4801357796639
41.9205785344023, 12.4801053111103
41.920586662319, 12.4800613827269
41.9205711059424, 12.4799939371899
41.920588885899, 12.4800347921929
41.920589419799, 12.4801302657132
41.9205894197965, 12.4801302657577
41.9205894197965, 12.4801302657577
41.9205894197965, 12.4801302657577
41.9205894197965, 12.4801302657577
41.9205894197965, 12.4801302657577
41.9205894197965, 12.4801302657577
41.9205894197965, 12.4801302657577
41.9205894197965, 12.4801302657577
41.9205894014893, 12.4801396663542
41.9206142939436, 12.480347213963
41.9206641290305, 12.480500348898
41.9206743567586, 12.4805893488348
41.9206431798035, 12.4805616535643
41.9206569899707, 12.4805147311942
41.9206975740234, 12.480353859882
41.9207069944117, 12.4802858870043
41.9207068920329, 12.4802843107016
41.9207068920329, 12.4802843107016
41.9207068920329, 12.4802843107016
41.9207068920329, 12.4802843107016
41.9207068920329, 12.4802843107016
41.9207068920329, 12.4802843107016
41.9207068920329, 12.4802843107016
41.9207150282227, 12.4803015326141
41.9207505440744, 12.4803084199942
41.9207836307251, 12.4802823661434
41.9207836307251, 12.4802823661434
41.9207836307251, 12.4802823661434
41.9207836307251, 12.4802823661434
41.9207836307251, 12.4802823661434
41.9207836307251, 12.4802823661434
41.9207836307251, 12.4802823661434
41.9207836307251, 12.4802823661434
41.9207836307251, 12.4802823661434
41.9207836307251, 12.4802823661434
41.9207836307251, 12.4802823661434
41.9208041622517, 12.4802736818784
41.9208085506299, 12.4802728664444
41.9207104354784, 12.4800136089202
41.9202134209544, 12.4796904449772
41.9198193152262, 12.4793158292552
41.9194217764108, 12.4787431683008
41.9189693378681, 12.4773110759439
41.9193187245802, 12.4758282494889
41.9193777113886, 12.4749974777751
