41.9003138416095, 12.4443713194206
41.9011253009903, 12.4452540088563
41.9008569691454, 12.4456395729464
41.9004973629766, 12.4460129560747
41.9004973629766, 12.4460129560747
41.9004973629766, 12.4460129560747
41.9004973629766, 12.4460129560747
41.9004973629766, 12.4460129560747
41.9004973629766, 12.4460129560747
41.9004973629766, 12.4460129560747
41.9004973629766, 12.4460129560747
41.9002690334368, 12.4466683558347
41.8995742035396, 12.4475297025663
41.8997056279448, 12.4494669283623
41.8997920603027, 12.4515987998762
41.8996550969706, 12.4528944295519
41.8996515593364, 12.4529087264336
41.8996515593364, 12.4529087264336
41.8996515593364, 12.4529087264336
41.8997482334271, 12.4537999851927
41.8998411959416, 12.4540600945334
41.8999980681688, 12.4545161731133
41.9002404345286, 12.4556908963707
41.9002578190247, 12.456156400012
41.9002578190247, 12.456156400012
41.9002668885167, 12.4566809252542
41.900215059692, 12.4571746454273
41.899685731848, 12.4618204964905
41.8996813785123, 12.4621603858928
41.8996813785123, 12.4621603858928
41.8996813785123, 12.4621603858928
41.8997229003021, 12.462474528756
41.8997878956944, 12.4638327857265
41.8997878956944, 12.4638327857265
41.8997878956944, 12.4638327857265
41.8997878956944, 12.4638327857265
41.8998598601757, 12.4649336320575
41.899930307965, 12.4658282145573
41.8991570050854, 12.4670187183565
41.8984896521846, 12.4679094905368
41.8984865589628, 12.4679210743252
41.8984655210989, 12.4679531724952
41.8976264308783, 12.4694327999769
41.8972298416459, 12.471030286359
41.8968113332048, 12.4728275347977
41.8965082449719, 12.4736808979115
41.8963418448954, 12.4755599270047
41.8961022319771, 12.4762099024465
41.8961022319771, 12.4762099024465
41.8959700738594, 12.4765469548397
41.8959166458929, 12.4776694583777
41.8959029315354, 12.4787931608986
41.8955836532998, 12.4793038603978
41.8955219025961, 12.4793868769574
41.8955219025961, 12.4793868769574
41.8955219025961, 12.4793868769574
41.8955219025961, 12.4793868769574
41.8952353108755, 12.4796343319539
41.8951669033086, 12.479880066231
41.8951753946504, 12.4799279959506
41.895091320554, 12.4801987756569
41.8950626067636, 12.4809058270024
41.8945317479837, 12.4811014779106
41.8941869805471, 12.4818793262061
41.8946468171128, 12.4820538065525
41.8953069324967, 12.4821060827882
41.8958520608937, 12.4828081695957
41.8963509186376, 12.482748977613
41.896428752076, 12.4827237791764
41.896428752076, 12.4827237791764
41.8964743580421, 12.482709685698
41.8967015765249, 12.4826589992877
41.896941368454, 12.4829746455696
41.896825750525, 12.4837789307509
41.8962759825298, 12.4846653959037
41.8963287704874, 12.485469331792
