41.9220419488628, 12.4847100224281
41.9228135730672, 12.4841689378122
41.9235604132797, 12.4840108307146
41.9239956645804, 12.4843516376175
41.9240101023761, 12.4846761481647
41.9230297149236, 12.4859811203
41.9225681392658, 12.4870289999167
41.9224737094564, 12.4873652220565
41.9224803096829, 12.4874175111415
41.9224075249183, 12.4877011236859
41.9222296776828, 12.4888937855238
41.9221724708364, 12.4894291082047
41.9221724708364, 12.4894291082047
41.9221724708364, 12.4894291082047
41.9221724708364, 12.4894291082047
41.9221724708364, 12.4894291082047
41.9221724708364, 12.4894291082047
41.9221724708364, 12.4894291082047
41.9221724708364, 12.4894291082047
41.9221549079797, 12.4897298882623
41.9220419249467, 12.4906221074032
41.9217496715809, 12.4909573551334
41.9216044444213, 12.4910821745292
41.9213572792725, 12.4912817119608
41.9209228650371, 12.4916288437269
41.9202981701318, 12.4914150061838
41.919265172259, 12.4904932401631
41.9188913628343, 12.4903974878612
41.9186486344781, 12.4908741523637
41.9184054488703, 12.4913919641963
41.9178493803388, 12.492305968904
41.9177526852112, 12.4924419686097
41.9172914941889, 12.4931962069382
41.9167715789295, 12.4938900483934
41.9158014676765, 12.49417264376
41.9157178080163, 12.4941519840142
41.9157178080163, 12.4941519840142
41.9157178080163, 12.4941519840142
41.9149386204842, 12.4939690039244
41.9139296010362, 12.4936216966971
41.9129045081895, 12.4928845290531
41.9115465859457, 12.4919183356216
41.910920401258, 12.4909663944835
41.9105147629644, 12.4901631247314
41.9101098371013, 12.4893900123772
41.9100740805505, 12.4892194989961
41.9099598996127, 12.4888639707714
41.9098801570926, 12.488532439481
41.9098801570926, 12.488532439481
41.9098801570926, 12.488532439481
41.9098801570926, 12.488532439481
41.9098801570926, 12.488532439481
41.9098589397833, 12.4883723175434
41.9092717033134, 12.4883952378739
41.9083987082573, 12.4890809171994
41.9076154595281, 12.4896621760097
41.9068446884205, 12.4902637659336
41.9066375672465, 12.4903031548295
41.9066375672465, 12.4903031548295
41.9066375672465, 12.4903031548295
41.9066424969644, 12.4903081461401
41.9062017937754, 12.4904755871036
41.9057836456785, 12.4911143058986
41.9055309988834, 12.4918303904111
41.9053873389204, 12.4923966267949
41.9053244446291, 12.4925209145536
41.9053244446291, 12.4925209145536
41.9051182105858, 12.4931011664159
41.9046796855056, 12.4938446926649
41.9045512789579, 12.4939869586202
41.9043271401225, 12.4943459695864
41.9042390788702, 12.4945199943418
41.9041288503345, 12.4946849830217
41.903797614008, 12.4950870662806
41.903797614008, 12.4950870662806
41.903797614008, 12.4950870662806
41.9033957026243, 12.4955828849452
41.9027013572401, 12.4960242844085
41.9023775107646, 12.4965675230757
41.9021297702609, 12.496959469948
41.9016935632998, 12.4973582505891
41.901822661257, 12.4983473472073
41.901822661257, 12.4983473472073
41.901822661257, 12.4983473472073
41.901850626278, 12.4983937688528
41.901850626278, 12.4983937688528
41.901850626278, 12.4983937688528
41.901850626278, 12.4983937688528
41.901850626278, 12.4983937688528
41.901850626278, 12.4983937688528
41.901850626278, 12.4983937688528
41.9018959065137, 12.498478672231
41.9023453125606, 12.4993305890815
41.9030111543671, 12.5004866177772
