41.8810383765745, 12.4840631078605
41.8808575273165, 12.4841090152001
41.8808575273165, 12.4841090152001
41.8807073515688, 12.48418763584
41.8803308629654, 12.4844697182198
41.8803929377056, 12.4844221225273
41.8803929377056, 12.4844221225273
41.8803929377056, 12.4844221225273
41.8803929377056, 12.4844221225273
41.8803929377056, 12.4844221225273
41.8803929377056, 12.4844221225273
41.8815915693488, 12.4839477744123
41.8824662197114, 12.4840517349092
41.8830806968947, 12.4849041519461
41.8843337207981, 12.4851356966417
41.8851023888944, 12.4846880658294
41.8853303495038, 12.4849052432749
41.8856315830808, 12.4846705338606
41.8861453271363, 12.4836350604553
41.8869651786952, 12.4824654833488
41.8875061381549, 12.4818750222058
41.8875061381549, 12.4818750222058
41.8875904287987, 12.4817499198275
41.8879396922157, 12.4812578068996
41.8883976845031, 12.481427128598
41.889006567647, 12.4813977104233
41.8899572512812, 12.4809624571702
41.8908888936751, 12.4805829557778
41.8916649479837, 12.4803041058743
41.892573158867, 12.48061426168
41.8931895532747, 12.4812403482231
41.8937800373406, 12.4818411939544
41.8945108067077, 12.4821337998929
41.8948928506086, 12.4821008614581
41.8952095441826, 12.4821370949896
41.8956392473495, 12.4824923004695
41.8958959595301, 12.4827091482514
41.8961321904004, 12.4826340909286
41.8965144396139, 12.4820326422304
41.8965144396139, 12.4820326422304
41.896530346705, 12.4819566250788
41.8965315881039, 12.4814279669494
41.8965286359573, 12.4810513344053
41.8963613140989, 12.4802697093994
41.8962559783828, 12.4798506886256
41.8962559783828, 12.4798506886256
41.8962053846251, 12.4797681236676
41.8960274649648, 12.4792125995658
41.8959784073458, 12.4789250678379
41.8960120305265, 12.4784819006269
41.8958807996098, 12.4780531701615
41.8958807996098, 12.4780531701615
41.895883053935, 12.4776987364144
41.8959776897552, 12.4768334389157
41.896011716617, 12.4766914257573
41.896011716617, 12.4766914257573
41.896011716617, 12.4766914257573
41.896011716617, 12.4766914257573
41.8959399995744, 12.4765644414899
41.8959399995744, 12.4765644414899
41.8959399995744, 12.4765644414899
41.8959399995744, 12.4765644414899
41.8959399995744, 12.4765644414899
41.8959399995744, 12.4765644414899
41.8959399995744, 12.4765644414899
41.8959399995744, 12.4765644414899
41.8959399995744, 12.4765644414899
41.8959399995744, 12.4765644414899
41.8959399995744, 12.4765644414899
41.8959399995744, 12.4765644414899
41.8959399995744, 12.4765644414899
41.8959399995744, 12.4765644414899
41.8959399995744, 12.4765644414899
41.8959399995744, 12.4765644414899
41.8959399995744, 12.4765644414899
41.8959399995744, 12.4765644414899
41.8959399995744, 12.4765644414899
41.8959399995744, 12.4765644414899
41.8959399995744, 12.4765644414899
41.8959399995744, 12.4765644414899
41.8959399995744, 12.4765644414899
41.8959399995744, 12.4765644414899
41.8959399995744, 12.4765644414899
41.8959399995744, 12.4765644414899
41.8959444040293, 12.4765743838402
41.8959444040293, 12.4765743838402
41.8959444040293, 12.4765743838402
41.8959444040293, 12.4765743838402
41.8959444040293, 12.4765743838402
41.8959444040293, 12.4765743838402
41.8959444040293, 12.4765743838402
41.8959444040293, 12.4765743838402
41.8959444040293, 12.4765743838402
41.8959444040293, 12.4765743838402
41.8959444040293, 12.4765743838402
41.8959444040293, 12.4765743838402
41.8959444040293, 12.4765743838402
41.8959444040293, 12.4765743838402
41.8959444040293, 12.4765743838402
41.8959444040293, 12.4765743838402
41.8959444040293, 12.4765743838402
41.8959444040293, 12.4765743838402
41.8959444040293, 12.4765743838402
41.8959444040293, 12.4765743838402
41.8959444040293, 12.4765743838402
41.8959444040293, 12.4765743838402
41.8959444040293, 12.4765743838402
41.8959444040293, 12.4765743838402
41.8959444040293, 12.4765743838402
41.8959444040293, 12.4765743838402
41.8959444040293, 12.4765743838402
41.8959444040293, 12.4765743838402
41.8959444040293, 12.4765743838402
41.8959444040293, 12.4765743838402
41.8959444040293, 12.4765743838402
41.8959444040293, 12.4765743838402
41.8959444040293, 12.4765743838402
41.8959444040293, 12.4765743838402
41.8959444040293, 12.4765743838402
41.8959444040293, 12.4765743838402
41.8959444040293, 12.4765743838402
41.8959444040293, 12.4765743838402
41.8959444040293, 12.4765743838402
41.8959444040293, 12.4765743838402
41.8959444040293, 12.4765743838402
41.8959444040293, 12.4765743838402
41.8959444040293, 12.4765743838402
41.8959444040293, 12.4765743838402
41.8959444040293, 12.4765743838402
41.8959444040293, 12.4765743838402
41.8959444040293, 12.4765743838402
41.8959505160964, 12.4766112138104
41.8959505449736, 12.476611324203
41.8959505449736, 12.476611324203
41.8959505449736, 12.476611324203
41.8959505449736, 12.476611324203
41.8959592358135, 12.4766308973708
41.8959680650356, 12.476650118017
41.8959732557365, 12.4766654280892
41.8959732557365, 12.4766654280892
41.8959732557365, 12.4766654280892
41.8959732557365, 12.4766654280892
41.8959778046542, 12.4767810693403
41.8959778046496, 12.4767810693432
41.8959778046496, 12.4767810693432
41.8959778046496, 12.4767810693432
41.8959778046496, 12.4767810693432
41.8959778046496, 12.4767810693432
41.8959778046496, 12.4767810693432
41.8959778046496, 12.4767810693432
41.8959778046496, 12.4767810693432
41.8959778046496, 12.4767810693432
41.8959778046496, 12.4767810693432
41.8959778046496, 12.4767810693432
41.8959778046496, 12.4767810693432
41.8959778046496, 12.4767810693432
41.8959778046496, 12.4767810693432
41.8959778046496, 12.4767810693432
41.8959778046496, 12.4767810693432
41.8959778046496, 12.4767810693432
41.8959778046496, 12.4767810693432
41.8959778046496, 12.4767810693432
41.8959778046496, 12.4767810693432
41.8959778046496, 12.4767810693432
41.8959778046496, 12.4767810693432
41.8959778046496, 12.4767810693432
41.8959778046496, 12.4767810693432
41.8959778046496, 12.4767810693432
41.8959778046496, 12.4767810693432
41.8960030429061, 12.4769570533698
41.8960030429061, 12.4769570533698
41.8960030429061, 12.4769570533698
41.8960030429061, 12.4769570533698
41.8960030429061, 12.4769570533698
41.8960030429061, 12.4769570533698
41.8960030429061, 12.4769570533698
41.8960030429061, 12.4769570533698
41.8960030429061, 12.4769570533698
41.8959803936808, 12.4770408231413
41.8959803936808, 12.4770408231413
41.8959803936808, 12.4770408231413
41.8959803936808, 12.4770408231413
41.8959803936808, 12.4770408231413
41.8959803936808, 12.4770408231413
41.8959803936808, 12.4770408231413
41.8959905060132, 12.477076163104
41.896012759809, 12.4771967802328
41.896012759809, 12.4771967802328
41.896185014247, 12.4761676269073
41.8963923913211, 12.4749531889715
41.8964225374586, 12.474654093597
41.8964496046827, 12.4746195031671
41.8965819344408, 12.4737156658766
41.8967863800687, 12.4727502208659
41.8971375212381, 12.4715174834596
41.8973479892847, 12.4705708856315
41.8974660934442, 12.4698208425388
41.8976897513275, 12.4689728482021
41.8982683371554, 12.4679592989231
41.8989781630494, 12.4670543975336
41.8991754516982, 12.466894389793
41.8994825110812, 12.46645644949
41.8999653486249, 12.4658474985956
41.9007129919215, 12.4648364842129
41.9013676952301, 12.4639688080826
41.9013524674969, 12.4634570875797
