41.904568845619, 12.4884149427663
41.9059328587204, 12.4887506737486
41.9063643260585, 12.489898135162
41.9064941280188, 12.4902566243841
41.9072637065807, 12.4900499806096
41.9072637065807, 12.4900499806096
41.9072637065807, 12.4900499806096
41.9074730759863, 12.4901035294843
41.9080523721947, 12.4922063692192
41.9086416981343, 12.4943111434864
41.9087828832785, 12.4946073279052
41.9092863066985, 12.4967120166926
41.9102154320707, 12.4983767951548
41.9109867262922, 12.4987843257317
41.9119175789603, 12.498923383912
41.9123738089872, 12.4999687856767
41.9128363351692, 12.5007793434421
41.9136738806041, 12.502828195775
41.9145537140293, 12.5042522129971
41.9145537140293, 12.5042522129971
41.9147132178197, 12.5044517111995
41.9153937182239, 12.5053725302322
41.9162155396628, 12.5052120428806
41.9171073485451, 12.5050491030049
41.9181077791189, 12.5041723751509
41.9191234258103, 12.504823719424
41.9200968698784, 12.5062543506084
41.9208632852359, 12.5073220415893
41.9212840829655, 12.506574541594
41.9218981997745, 12.505487259754
41.9230010850945, 12.5067045127047
41.923410222823, 12.5073058792123
41.9236698097988, 12.5070976567293
41.9236698097988, 12.5070976567293
41.9236698097988, 12.5070976567293
41.9236698097988, 12.5070976567293
41.9236698097988, 12.5070976567293
41.9236698097988, 12.5070976567293
41.9236698097988, 12.5070976567293
41.9236698097988, 12.5070976567293
41.9236698097988, 12.5070976567293
41.9236698097988, 12.5070976567293
41.9236698097988, 12.5070976567293
41.9236698097988, 12.5070976567293
41.9236698097988, 12.5070976567293
41.9236698097988, 12.5070976567293
41.9236698097988, 12.5070976567293
41.9236698097988, 12.5070976567293
41.923485633616, 12.5066785576744
41.9227911372323, 12.5065177323191
41.9225841644575, 12.5063955675848
41.9225841644575, 12.5063955675848
41.9225841644575, 12.5063955675848
41.9225841644575, 12.5063955675848
41.9225841644575, 12.5063955675848
41.9225841644575, 12.5063955675848
41.9225841644575, 12.5063955675848
41.9225841644575, 12.5063955675848
41.9225841644575, 12.5063955675848
41.9225841644575, 12.5063955675848
41.9225841644575, 12.5063955675848
41.9225841644575, 12.5063955675848
41.9225841644575, 12.5063955675848
41.9218661872763, 12.5057657316949
41.9218478948637, 12.5057432912882
41.9218478948637, 12.5057432912882
41.9217003906647, 12.5055554580124
41.9223520156436, 12.5045748225114
41.9233628052826, 12.5057354692395
41.9240312850718, 12.5063182845597
41.9249816724149, 12.5071300428756
41.9255902179865, 12.5077735531925
