41.9244431082021, 12.4902189705448
41.9254799494618, 12.4887918544364
41.9258909131254, 12.4870209676206
41.9259829437805, 12.4869437357317
41.9259829437805, 12.4869437357317
41.9260187946433, 12.4868953911634
41.9260187946433, 12.4868953911634
41.9260187946433, 12.4868953911634
41.9260187946433, 12.4868953911634
41.9260447330987, 12.4868995714564
41.9260447330987, 12.4868995714564
41.9260447330987, 12.4868995714564
41.9260447330987, 12.4868995714564
41.9260447330987, 12.4868995714564
41.9260447330987, 12.4868995714564
41.9260447330987, 12.4868995714564
41.9260447330987, 12.4868995714564
41.9260447330987, 12.4868995714564
41.9260447330987, 12.4868995714564
41.9260447330987, 12.4868995714564
41.9260447330987, 12.4868995714564
41.9260447330987, 12.4868995714564
41.9260447330987, 12.4868995714564
41.9260533159682, 12.4868948994864
41.9260533159682, 12.4868948994864
41.9260533159682, 12.4868948994864
41.9260533159682, 12.4868948994864
41.9260533159682, 12.4868948994864
41.9260533159682, 12.4868948994864
41.9260533159682, 12.4868948994864
41.9260533159682, 12.4868948994864
41.9260533159682, 12.4868948994864
41.9260533159682, 12.4868948994864
41.9260533159682, 12.4868948994864
41.9260533159682, 12.4868948994864
41.9260533159682, 12.4868948994864
41.9260533159682, 12.4868948994864
41.9260533159682, 12.4868948994864
41.9260533159682, 12.4868948994864
41.9260533159682, 12.4868948994864
41.9260533159682, 12.4868948994864
41.9260533159682, 12.4868948994864
41.9260533159682, 12.4868948994864
41.9260533159682, 12.4868948994864
41.9260533159682, 12.4868948994864
41.9260533159682, 12.4868948994864
41.9260533159682, 12.4868948994864
41.9260533159682, 12.4868948994864
41.9260533159682, 12.4868948994864
41.9260533159682, 12.4868948994864
41.9260533159682, 12.4868948994864
41.9260533159682, 12.4868948994864
41.9260533159682, 12.4868948994864
41.9260533159682, 12.4868948994864
41.9261233683358, 12.4868487595485
41.9261158458457, 12.4868975548658
41.9261157877329, 12.4868975224733
41.9261157877329, 12.4868975224733
41.9261157877329, 12.4868975224733
41.9261157877329, 12.4868975224733
41.9261157877329, 12.4868975224733
41.9261157877329, 12.4868975224733
41.9261157877329, 12.4868975224733
41.9261157877329, 12.4868975224733
41.9261157877329, 12.4868975224733
41.9261157877329, 12.4868975224733
41.9261157877329, 12.4868975224733
41.9261157877329, 12.4868975224733
41.9261157877329, 12.4868975224733
41.9261157877329, 12.4868975224733
41.9261157877329, 12.4868975224733
41.9261157877329, 12.4868975224733
41.9261157877329, 12.4868975224733
41.9261438405936, 12.4869353509048
41.92610303676, 12.4869661387114
41.9260946226811, 12.4869615036864
41.9260946226811, 12.4869615036864
41.9260946226811, 12.4869615036864
41.9260946226811, 12.4869615036864
41.9260946226811, 12.4869615036864
41.9260946226811, 12.4869615036864
41.9260946226811, 12.4869615036864
41.9260946226811, 12.4869615036864
41.9260946226811, 12.4869615036864
41.9260946226811, 12.4869615036864
41.9260946226811, 12.4869615036864
41.9260758172487, 12.486847073282
41.9260940540919, 12.4868902396191
41.9260940540919, 12.4868902396191
41.9260940540919, 12.4868902396191
41.9260940540919, 12.4868902396191
41.9260940540919, 12.4868902396191
41.9260940540919, 12.4868902396191
41.9260877050752, 12.4868874752872
41.9260877050706, 12.4868874752889
41.9260877050706, 12.4868874752889
41.9260877050706, 12.4868874752889
41.9260877050706, 12.4868874752889
41.9260877050706, 12.4868874752889
41.9260877050706, 12.4868874752889
41.9260877050706, 12.4868874752889
41.9260877050706, 12.4868874752889
41.9260877050706, 12.4868874752889
41.9260864041304, 12.4868750962983
41.9260864041304, 12.4868750962983
41.9260864041304, 12.4868750962983
41.9260797512876, 12.4868861754649
41.9260797194447, 12.4868863004331
41.9260807647128, 12.4868872921324
41.9260807647128, 12.4868872921324
41.9260807647128, 12.4868872921324
41.9260807647128, 12.4868872921324
41.9260807647128, 12.4868872921324
41.9260782691776, 12.4868932633991
41.9260782691776, 12.4868932633991
41.9260782691776, 12.4868932633991
41.9260782691776, 12.4868932633991
41.9260782691776, 12.4868932633991
41.9260782691776, 12.4868932633991
41.9260782691776, 12.4868932633991
41.926057564999, 12.4868323315647
41.9260620399351, 12.486808873231
41.9260620399351, 12.486808873231
41.9260620399351, 12.486808873231
41.9260620399351, 12.486808873231
41.9260620399351, 12.486808873231
41.9260620399351, 12.486808873231
41.9260620399351, 12.486808873231
41.9260620399351, 12.486808873231
41.9260620399351, 12.486808873231
41.9260620399351, 12.486808873231
41.9260620399351, 12.486808873231
41.9260620399351, 12.486808873231
41.9260620399351, 12.486808873231
41.9260620399351, 12.486808873231
41.9260620399351, 12.486808873231
41.9260620399351, 12.486808873231
41.9260620399351, 12.486808873231
41.9260620399351, 12.486808873231
41.9260620399351, 12.486808873231
41.9260620399351, 12.486808873231
41.9260620399351, 12.486808873231
41.9260620399351, 12.486808873231
41.9260620399351, 12.486808873231
41.9260620399351, 12.486808873231
41.9260620399351, 12.486808873231
41.9260620399351, 12.486808873231
41.9260620399351, 12.486808873231
41.9260620399351, 12.486808873231
41.9260620399351, 12.486808873231
41.9260620399351, 12.486808873231
41.9260601051508, 12.4868246324834
41.9260731410817, 12.4868514845569
41.9260731410817, 12.4868514845569
41.9260731410817, 12.4868514845569
41.9260731410817, 12.4868514845569
41.9260731410817, 12.4868514845569
41.9260731410817, 12.4868514845569
41.9260731410817, 12.4868514845569
41.9260605579196, 12.486824861321
41.9260605579195, 12.4868248613209
41.9260605579195, 12.4868248613209
41.9260605579195, 12.4868248613209
41.9259522502852, 12.4867172851489
41.925768756824, 12.4866775634494
41.924898950213, 12.4860046080404
41.9241758975786, 12.4868619123299
41.9234132231748, 12.4881227259866
41.9226993944621, 12.4893937125182
41.9226226711544, 12.4897231313087
41.9226226711544, 12.4897231313087
41.9226226711544, 12.4897231313087
41.9226226711544, 12.4897231313087
41.9226226711544, 12.4897231313087
41.9225563078564, 12.4898321235873
41.9221257586979, 12.4900702434983
41.9221257586979, 12.4900702434983
41.9222427882454, 12.4908366388158
41.9227015975131, 12.4915491972649
41.9227015975131, 12.4915491972649
41.9227015975131, 12.4915491972649
41.9227015975131, 12.4915491972649
41.9227015975131, 12.4915491972649
41.9228392685584, 12.4917983219117
41.9226673468326, 12.4919962884561
41.9226673468326, 12.4919962884561
41.9224785877997, 12.4926850557263
41.922869136181, 12.4940191531146
41.9234319953057, 12.4957737546284
41.9242194770134, 12.497065325895
41.9247865285183, 12.4983537681482
41.9247543735447, 12.4984472684737
41.9245519076174, 12.4990742996348
41.9234817026192, 12.50116864729
41.9231346644666, 12.5019722949898
41.9231346644666, 12.5019722949898
41.9231346644666, 12.5019722949898
41.9231346644666, 12.5019722949898
41.9229001118216, 12.5024407053746
41.9224619806901, 12.5038287469069
41.9219483360936, 12.5049963755411
41.9219483360936, 12.5049963755411
41.9219052664616, 12.5050764388753
41.921877406531, 12.5052564053671
41.9211690676972, 12.507019297236
41.9205401317645, 12.5083930847578
41.9204689721981, 12.5086140586881
41.9204689721981, 12.5086140586881
41.9206244632883, 12.5095672965008
41.9211739402749, 12.5102923240778
41.921890070688, 12.5108810533914
41.9221591692158, 12.5111553908856
41.9226952617241, 12.5116037221517
41.9230664398551, 12.5119949082155
41.9230664398551, 12.5119949082155
41.9231448584783, 12.5120180304676
41.9234122459047, 12.5133176057354
41.923709854091, 12.5152472434902
41.9242483471619, 12.5161824121646
41.9249824671027, 12.5165566509347
41.9259820475271, 12.5169076061726
41.9271563295304, 12.5174607462809
41.9272723967789, 12.5189522596136
