41.9267443162228, 12.4810783194033
41.9251384482186, 12.4814638237713
41.9231159975412, 12.480984951325
41.9214752096552, 12.4806547577215
41.9203575520825, 12.4799126638381
41.920478227383, 12.4802073675711
41.920478227383, 12.4802073675711
41.920478227383, 12.4802073675711
41.920478227383, 12.4802073675711
41.920478227383, 12.4802073675711
41.920478227383, 12.4802073675711
41.920478227383, 12.4802073675711
41.920478227383, 12.4802073675711
41.920478227383, 12.4802073675711
41.920478227383, 12.4802073675711
41.920478227383, 12.4802073675711
41.920478227383, 12.4802073675711
41.920478227383, 12.4802073675711
41.920478227383, 12.4802073675711
41.920478227383, 12.4802073675711
41.920478227383, 12.4802073675711
41.920478227383, 12.4802073675711
41.920478227383, 12.4802073675711
41.920478227383, 12.4802073675711
41.920478227383, 12.4802073675711
41.9204863167732, 12.4802130021226
41.9204863167732, 12.4802130021226
41.9204863167732, 12.4802130021226
41.9204863167732, 12.4802130021226
41.9204863167732, 12.4802130021226
41.9204863167732, 12.4802130021226
41.9204863167732, 12.4802130021226
41.9204863167732, 12.4802130021226
41.9204863167732, 12.4802130021226
41.9204863167732, 12.4802130021226
41.9204863167732, 12.4802130021226
41.9204863167732, 12.4802130021226
41.9204863167732, 12.4802130021226
41.9204863167732, 12.4802130021226
41.9204863167732, 12.4802130021226
41.9204863167732, 12.4802130021226
41.9204863167732, 12.4802130021226
41.9204863167732, 12.4802130021226
41.9204863167732, 12.4802130021226
41.9204863167732, 12.4802130021226
41.9204863167732, 12.4802130021226
41.9204863167732, 12.4802130021226
41.9204863167732, 12.4802130021226
41.9204863167732, 12.4802130021226
41.9204863167732, 12.4802130021226
41.9204863167732, 12.4802130021226
41.9204863167732, 12.4802130021226
41.9204863167732, 12.4802130021226
41.9204863167732, 12.4802130021226
41.9204863167732, 12.4802130021226
41.9204863167732, 12.4802130021226
41.9204863167732, 12.4802130021226
41.9205146101413, 12.4803129604667
41.9205146101413, 12.4803129604667
41.9205146101413, 12.4803129604667
41.9205146101413, 12.4803129604667
41.9205146101413, 12.4803129604667
41.9205146101413, 12.4803129604667
41.9205146101413, 12.4803129604667
41.9205146101413, 12.4803129604667
41.9205146101413, 12.4803129604667
41.9205636269613, 12.4803723614731
41.9205636269613, 12.4803723614731
41.9205636269613, 12.4803723614731
41.9205636269613, 12.4803723614731
41.9205636269613, 12.4803723614731
41.9205636269613, 12.4803723614731
41.9205636269613, 12.4803723614731
41.9205636269613, 12.4803723614731
41.9205636269613, 12.4803723614731
41.9205636269613, 12.4803723614731
41.9205636269613, 12.4803723614731
41.9205636269613, 12.4803723614731
41.9205636269613, 12.4803723614731
41.9205636269613, 12.4803723614731
41.9205636269613, 12.4803723614731
41.9205636269613, 12.4803723614731
41.9205636269613, 12.4803723614731
41.9205636269613, 12.4803723614731
41.9205636269613, 12.4803723614731
41.9205636269613, 12.4803723614731
41.9205920606612, 12.4804106716446
41.9205920606613, 12.4804106716448
41.9205920606613, 12.4804106716448
41.9205920606613, 12.4804106716448
41.9205988780175, 12.4804252204816
41.9206094046981, 12.480455192241
41.9207413412863, 12.4802357790437
41.9208035720139, 12.4801202411957
41.9208035720137, 12.4801202411963
41.9208035720137, 12.4801202411963
41.9206800208821, 12.4805179689322
41.9206674317156, 12.4804756644433
41.9206822017456, 12.4805077481005
41.9205395179911, 12.4804850552238
41.9206222208244, 12.480408233085
41.9206280302107, 12.4804012456019
41.920635860697, 12.480442132204
41.9206256325349, 12.4804342014113
41.9206050342094, 12.4804240956746
41.9206012037047, 12.4804838094413
41.9206936414002, 12.4803845166401
41.9207600669803, 12.4803014676128
41.9207600669804, 12.4803014676127
41.9207600669804, 12.4803014676127
41.9207600669804, 12.4803014676127
41.9207600669804, 12.4803014676127
41.9207600669804, 12.4803014676127
41.9207600669804, 12.4803014676127
41.9207600669804, 12.4803014676127
41.9207600669804, 12.4803014676127
41.9207600669804, 12.4803014676127
41.9207600669804, 12.4803014676127
41.9207600669804, 12.4803014676127
41.9207600669804, 12.4803014676127
41.9207600669804, 12.4803014676127
41.920670762483, 12.4804371075176
41.920670761034, 12.4804371033295
41.920670761034, 12.4804371033295
41.920670761034, 12.4804371033295
41.920670761034, 12.4804371033295
41.920670761034, 12.4804371033295
41.920670761034, 12.4804371033295
41.920670761034, 12.4804371033295
41.920670761034, 12.4804371033295
41.920670761034, 12.4804371033295
41.920670761034, 12.4804371033295
41.920670761034, 12.4804371033295
41.920670761034, 12.4804371033295
41.9206277815545, 12.4805262566682
41.9206165310852, 12.4804946344619
41.9206165310852, 12.4804946344619
41.9206165310852, 12.4804946344619
41.9206165310852, 12.4804946344619
41.9206165310852, 12.4804946344619
41.9206165310852, 12.4804946344619
41.9205841559717, 12.4804357426884
41.9205841560151, 12.4804357429825
41.9205841560151, 12.4804357429825
41.9206415272577, 12.4804565411825
41.9206375615607, 12.4804451518863
41.9205990682047, 12.4804249372688
41.920579382156, 12.480460486413
41.9206050939953, 12.4804930145728
41.9206538355481, 12.4804775809313
41.9205772135676, 12.4804391382083
41.9206064836044, 12.480385684409
41.9206442630192, 12.480412861233
41.9205551929928, 12.4804606801781
41.9205458649102, 12.4804661862521
41.9205185982256, 12.4803409441576
41.9205682736687, 12.4802691418787
41.9205682736687, 12.4802691418787
41.9205682736687, 12.4802691418787
41.9205682736687, 12.4802691418787
41.9205682736687, 12.4802691418787
41.9205682736687, 12.4802691418787
41.9205682736687, 12.4802691418787
41.9205682736687, 12.4802691418787
41.9206078434589, 12.4803530733509
41.920598419792, 12.4804098310399
41.9206022598574, 12.480417109358
41.9206022598574, 12.480417109358
41.9206022598574, 12.480417109358
41.9206022598574, 12.480417109358
41.9205989671896, 12.4805098776782
41.9205767403711, 12.4803672712496
41.9205723152788, 12.4803407131872
41.9205723152788, 12.4803407131872
41.9205723152788, 12.4803407131872
41.9205723152788, 12.4803407131872
41.9205723152788, 12.4803407131872
41.9205723152788, 12.4803407131872
41.9205723152788, 12.4803407131872
41.9205723152788, 12.4803407131872
41.9205723152788, 12.4803407131872
41.9205723152788, 12.4803407131872
41.9205723152788, 12.4803407131872
41.9205723152788, 12.4803407131872
41.9205723152788, 12.4803407131872
41.9205723152788, 12.4803407131872
41.9205723152788, 12.4803407131872
41.9205723152788, 12.4803407131872
41.9205723152788, 12.4803407131872
41.9205723152788, 12.4803407131872
41.9205723152788, 12.4803407131872
41.9205723152788, 12.4803407131872
41.9205723152788, 12.4803407131872
41.9206119101287, 12.4804013333133
41.9207306469756, 12.4803971570924
41.9207306469756, 12.4803971570924
41.9207306469756, 12.4803971570924
41.9207306469756, 12.4803971570924
41.9207306469756, 12.4803971570924
41.9207306469756, 12.4803971570924
41.9207306469756, 12.4803971570924
41.9207306469756, 12.4803971570924
41.9207306469756, 12.4803971570924
41.9207306469756, 12.4803971570924
41.9207306469756, 12.4803971570924
41.9207306469756, 12.4803971570924
41.9207306469756, 12.4803971570924
41.9207306469756, 12.4803971570924
41.9207306469756, 12.4803971570924
41.9207306469756, 12.4803971570924
41.9207306469756, 12.4803971570924
41.9207306469756, 12.4803971570924
41.9207306469756, 12.4803971570924
41.9207306469756, 12.4803971570924
41.9207306469756, 12.4803971570924
41.9207306469756, 12.4803971570924
41.9207306469756, 12.4803971570924
41.9207306469756, 12.4803971570924
41.9207306469756, 12.4803971570924
41.9207306469756, 12.4803971570924
41.9207306469756, 12.4803971570924
41.9207306469756, 12.4803971570924
41.9207306469756, 12.4803971570924
41.9207306469756, 12.4803971570924
41.9207306469756, 12.4803971570924
41.9207306469756, 12.4803971570924
41.9207306469756, 12.4803971570924
41.9207306469756, 12.4803971570924
41.9207306469756, 12.4803971570924
41.9207306469756, 12.4803971570924
41.9207306469756, 12.4803971570924
41.9207306469756, 12.4803971570924
41.9207306469756, 12.4803971570924
41.9207306469756, 12.4803971570924
41.9207306469756, 12.4803971570924
41.9207306469756, 12.4803971570924
41.9207306469756, 12.4803971570924
41.9207306469756, 12.4803971570924
41.9207794105693, 12.4803560392674
41.9205993705154, 12.4799657630131
41.9196435853538, 12.4790846648479
41.9192421158572, 12.4776994361172
41.9204662408679, 12.476979971399
41.921770746084, 12.4760187483578
41.9228295690948, 12.4758695392842
41.9229427278861, 12.4754242545444
41.9229039171241, 12.4747300850294
41.9229428178584, 12.4742274599721
41.9229559361447, 12.4740966575705
41.9229559361447, 12.4740966575705
41.9229559361447, 12.4740966575705
41.9229708090434, 12.4738801692477
41.9229330714544, 12.4742540629353
41.9229360015441, 12.4742837661456
41.9229360015441, 12.4742837661456
41.9229360015441, 12.4742837661456
41.9229360015441, 12.4742837661456
41.9229960400353, 12.4749293387936
41.9229367308794, 12.475850461659
41.923384464614, 12.4769185432066
41.9232352133765, 12.4770856631086
41.922370606179, 12.4771126483744
41.9214430539207, 12.4776836598723
41.9204518529538, 12.4783112370297
41.9197485887959, 12.4787202547139
41.9187300480996, 12.4795986339784
41.9178836465121, 12.4814348562837
41.9175539312592, 12.4808001505916
41.9169355191812, 12.4812024970017
41.9166669597033, 12.4813644276084
41.9164318836749, 12.4804612550685
41.9155406373739, 12.4808948578358
41.9142774587774, 12.4804944237949
41.9137818546529, 12.4806754527948
41.9131975591122, 12.4832570086107
41.912213686805, 12.4851136443492
41.9108229066823, 12.486931108223
