41.9028889648539, 12.5068383865206
41.9028889648539, 12.5068383865206
41.9027445971053, 12.5068061189808
41.9016609498055, 12.505430791614
41.900706931866, 12.5051084056351
41.8994086741511, 12.5069426402546
41.8993295985662, 12.5071595146694
41.8973331274358, 12.5057213326027
41.8962040951151, 12.5075318423129
41.8945794085168, 12.5091935322174
41.8945794085168, 12.5091935322174
41.8944967654136, 12.5092908316046
41.8944967654136, 12.5092908316046
41.8934456534934, 12.5100034713383
41.8933369986624, 12.5098561075402
41.8933369986624, 12.5098561075402
41.8933369986624, 12.5098561075402
41.8933369986624, 12.5098561075402
41.8933369986624, 12.5098561075402
41.8929043515622, 12.5108380145369
41.8922857321003, 12.5125835246654
41.8919485429961, 12.5135055080059
41.8916999259189, 12.5139070389314
41.8912889539464, 12.5139586177334
41.8912889539464, 12.5139586177334
41.8912889539464, 12.5139586177334
41.8912889539464, 12.5139586177334
41.890997924139, 12.5134116118675
41.8905003546772, 12.5116747796149
41.8915678374709, 12.5096955848437
41.8927919666231, 12.5076054028568
41.8937400988229, 12.5060220330424
41.8934345550474, 12.5049611933713
41.8942889493151, 12.5035536682566
41.8952296132972, 12.5027704911002
41.8958554756582, 12.5022796145243
41.8967009904264, 12.5006895236577
41.8976176133715, 12.4993357313689
41.8983803663192, 12.497996165181
41.8984944013496, 12.4978019221127
41.8984944013496, 12.4978019221127
41.8984944013496, 12.4978019221127
41.8984944013496, 12.4978019221127
41.8984944013496, 12.4978019221127
41.8984944013496, 12.4978019221127
41.8984944013496, 12.4978019221127
41.8984944013496, 12.4978019221127
41.8985736907058, 12.4972957724012
41.8987590868482, 12.4966004810172
41.8991514082679, 12.4957603173992
41.9002364068259, 12.4937842025849
41.900698882641, 12.492894711171
41.8998524718744, 12.4918479550906
41.8998524718744, 12.4918479550906
41.8993772887739, 12.4909582637903
41.8992854642265, 12.489754021185
41.8998689721154, 12.4891362478158
41.9023366228674, 12.4861616067962
41.9026035259893, 12.4857892355634
41.902576247656, 12.4846822598591
41.9022796399509, 12.4834651201503
41.9022796399509, 12.4834651201503
41.9019838854661, 12.4826730194831
41.9020937550924, 12.4812810464884
