41.8967955746374, 12.4730897260376
41.8967955746374, 12.4730897260376
41.896629788038, 12.4727904414823
41.8959451868744, 12.4721345740476
41.8958721294463, 12.4720466994484
41.8958721294463, 12.4720466994484
41.8958721294463, 12.4720466994484
41.8958721294463, 12.4720466994484
41.8958721294463, 12.4720466994484
41.8959635691661, 12.4718289933132
41.8962795781655, 12.4719104812456
41.8969364585, 12.4722903321615
41.8966641512888, 12.4734014175089
41.8965828105422, 12.4745427442783
41.8981955392226, 12.4739757725304
41.8994543875494, 12.4738574281212
41.9005012944148, 12.4734381172928
41.9004797881973, 12.4725972348905
41.9004797881973, 12.4725972348905
41.9004130992041, 12.4725649219264
41.9004130992041, 12.4725649219264
41.9004130992041, 12.4725649219264
41.9004130992041, 12.4725649219264
41.9004130992041, 12.4725649219264
41.9004130992041, 12.4725649219264
41.9004130992041, 12.4725649219264
41.9004130992041, 12.4725649219264
41.9004130992041, 12.4725649219264
41.9004130992041, 12.4725649219264
41.9004130992041, 12.4725649219264
41.9004130992041, 12.4725649219264
41.9004130992041, 12.4725649219264
41.9004130992041, 12.4725649219264
41.9004130992041, 12.4725649219264
41.9004130992041, 12.4725649219264
41.9004130992041, 12.4725649219264
41.9004130992041, 12.4725649219264
41.9004130992041, 12.4725649219264
41.9003979397071, 12.4725857647015
41.9003979397071, 12.4725857647015
41.9003979397071, 12.4725857647015
41.9003979397071, 12.4725857647015
41.9003979397071, 12.4725857647015
41.9003979397071, 12.4725857647015
41.9003979397071, 12.4725857647015
41.9003979397071, 12.4725857647015
41.9003979397071, 12.4725857647015
41.9003979397071, 12.4725857647015
41.9003979397071, 12.4725857647015
41.9003979397071, 12.4725857647015
41.9003914312798, 12.4725896825375
41.9003914312798, 12.4725896825375
41.9003730696279, 12.4727423807134
41.900373069625, 12.4727423807227
41.900373069625, 12.4727423807227
41.900373069625, 12.4727423807227
41.900373069625, 12.4727423807227
41.900373069625, 12.4727423807227
41.900373069625, 12.4727423807227
41.900384354548, 12.4727733316395
41.9003980784889, 12.4728513578028
41.9003945176151, 12.4728063909023
41.9003863645995, 12.4727567440195
41.9003673849099, 12.4727522689138
41.9003710476291, 12.47275549529
41.9003710476291, 12.47275549529
41.9003710476291, 12.47275549529
41.9003873355634, 12.4727527123708
41.9003873355634, 12.4727527123708
41.9003873355634, 12.4727527123708
41.9003966038718, 12.4727595842769
41.9003966041005, 12.4727595845707
41.9003966041005, 12.4727595845707
41.9004043687715, 12.4727532277276
41.9004043687715, 12.4727532277276
41.9004043687715, 12.4727532277276
41.9004043687715, 12.4727532277276
41.9004271741476, 12.4728697073009
41.9004272029223, 12.4728697865555
41.9004272029223, 12.4728697865555
41.9004272029223, 12.4728697865555
41.9004272029223, 12.4728697865555
41.9004272029223, 12.4728697865555
41.9004272029223, 12.4728697865555
41.9004272029223, 12.4728697865555
41.9004272029223, 12.4728697865555
41.9004389985314, 12.4728947143835
41.9004490635951, 12.4730841315855
41.9004490635951, 12.4730841315855
41.9004490635951, 12.4730841315855
41.9004490635951, 12.4730841315855
41.9004490635951, 12.4730841315855
41.9004490635951, 12.4730841315855
41.9004490635951, 12.4730841315855
41.9004490635951, 12.4730841315855
41.9004490635951, 12.4730841315855
41.9004490635951, 12.4730841315855
41.9004490635951, 12.4730841315855
41.9004490635951, 12.4730841315855
41.9004490635951, 12.4730841315855
41.9004490635951, 12.4730841315855
41.9004490635951, 12.4730841315855
41.9004490635951, 12.4730841315855
41.9004490635951, 12.4730841315855
41.9004490635951, 12.4730841315855
41.9004490635951, 12.4730841315855
41.9004490635951, 12.4730841315855
41.9004490635951, 12.4730841315855
41.9004490635951, 12.4730841315855
41.9004490635951, 12.4730841315855
41.9004490635951, 12.4730841315855
41.9004287380896, 12.4733443664017
41.900432273113, 12.4733753613831
41.900432273113, 12.4733753613831
41.900432273113, 12.4733753613831
41.900432273113, 12.4733753613831
41.900432273113, 12.4733753613831
41.900432273113, 12.4733753613831
41.900432273113, 12.4733753613831
41.900432273113, 12.4733753613831
41.9005307904177, 12.4733943456427
41.9004830621374, 12.4727805702345
41.9014020601955, 12.4721286997936
41.9018272244846, 12.4718468722985
41.9018272244846, 12.4718468722985
41.9019014711343, 12.4718212871759
41.9019014711343, 12.4718212871759
41.9022270418812, 12.4719633665432
41.9033867732152, 12.4741449652778
41.9046998570498, 12.4750848870314
41.9046998570498, 12.4750848870314
41.9056258394856, 12.4752570698208
41.9076311710487, 12.474777164471
41.9096493153219, 12.4732209386986
41.9098646536701, 12.4731548150363
41.910358689827, 12.4741824607963
41.911303249008, 12.4746250969438
41.9119855998085, 12.4773482495461
41.9129353684008, 12.4803503976131
41.9121988714709, 12.4811489491468
41.9095613027691, 12.4830666437749
41.9086535749417, 12.4861151392472
41.9098479028396, 12.489223615943
