41.9024956323818, 12.4642937826129
41.902261949588, 12.4632312183075
41.9022648022666, 12.4631155395566
41.9022648022666, 12.4631155395566
41.9022648022666, 12.4631155395566
41.9022648022666, 12.4631155395566
41.9022648022666, 12.4631155395566
41.9022763279374, 12.4630245636912
41.9022763279374, 12.4630245636912
41.9021383558571, 12.4629350745727
41.9018860960344, 12.4631750341887
41.9018860960344, 12.4631750341887
41.9018860960344, 12.4631750341887
41.901454269918, 12.4636647051616
41.9007739095318, 12.4630051665899
41.9002155448945, 12.4627506282395
41.9001937077124, 12.46275111501
41.9001937077124, 12.46275111501
41.9001937077124, 12.46275111501
41.9001937077124, 12.46275111501
41.9001937077124, 12.46275111501
41.9001937077124, 12.46275111501
41.9001937077124, 12.46275111501
41.9001937077124, 12.46275111501
41.8999033083116, 12.4626912440347
41.8997083888323, 12.4637518261023
41.8997887618856, 12.4646763628477
41.8998027154757, 12.46489505584
41.8998947421291, 12.4653158874273
41.8999114483685, 12.4654802930209
41.8998811961843, 12.4658633842809
41.8996047684098, 12.4662341924107
41.8996047684098, 12.4662341924107
41.8996047684098, 12.4662341924107
41.8995233288969, 12.4663636006334
41.899316656798, 12.4663115812013
41.899319147305, 12.4656086644402
41.8990570843633, 12.4655637114231
41.898485859, 12.4660711107346
41.8980241383113, 12.4664547638115
41.8974961604549, 12.4669409850468
41.8972178831802, 12.4671424649182
41.8967807476783, 12.4675227124001
41.8959827550124, 12.468298579576
41.8955575830139, 12.468514705845
41.8952200936788, 12.4689192840955
41.8947563489341, 12.4694596166029
41.8945544735326, 12.4696236086644
41.8944332743168, 12.4697465557552
41.8940160792516, 12.4701772335012
41.8936257650783, 12.470557405277
41.8937894349633, 12.4708843939109
41.8941410451454, 12.4714303354978
41.8944043111789, 12.4716960388984
41.8944043111789, 12.4716960388984
41.8944043111789, 12.4716960388984
41.8944043111789, 12.4716960388984
41.8944043111789, 12.4716960388984
41.8944043111789, 12.4716960388984
41.8944043111789, 12.4716960388984
41.8944043111789, 12.4716960388984
41.8944043111789, 12.4716960388984
41.8944043111789, 12.4716960388984
41.8944043111789, 12.4716960388984
41.8944043111789, 12.4716960388984
41.8944043111789, 12.4716960388984
41.8942402712114, 12.472001770756
41.8940863906145, 12.472220064891
41.8939003120673, 12.4725047313486
41.893842157472, 12.4726152690216
41.89390166742, 12.4730096368907
41.8939730437091, 12.4732724289054
41.8939899690264, 12.4736010325616
41.8939824997557, 12.4736868783908
41.8936640071982, 12.4741913322046
41.8935230420351, 12.4745997949718
41.8934944865499, 12.4747273361935
41.8934944865499, 12.4747273361935
41.8934863759908, 12.4748665952746
41.8934863759908, 12.4748665952746
41.8934863759908, 12.4748665952746
41.8934863759908, 12.4748665952746
41.8934863759907, 12.4748665952747
41.8934784234452, 12.4748782071979
41.8934127944921, 12.4750642712973
41.8933891143522, 12.4754303026388
41.8936221058496, 12.4756956957661
41.8942262369475, 12.4762049172574
41.894888985541, 12.4766957490267
41.8949322875309, 12.4772876418843
41.8949932519045, 12.4781971858524
41.895048151093, 12.4791224218579
41.8950626036166, 12.4800767600038
41.8946929614054, 12.4806881128827
41.8943784370206, 12.480970671559
41.8941815478904, 12.4812328106447
41.8939650629479, 12.4816823825458
41.8945762205098, 12.4821638371856
41.8949562466952, 12.4820882552127
41.8952596053692, 12.4814810336629
41.894636028799, 12.4810262419827
41.8942626459785, 12.4812138816338
41.8940584118899, 12.4818987014525
41.8947249925695, 12.4821592266496
41.8951004896638, 12.4821200582071
41.8955007280686, 12.4824350139712
41.8959542631669, 12.4828162437645
41.8963925685982, 12.4825523240692
41.8965890557493, 12.4823432464163
41.896750447858, 12.4821836797341
41.8971193632642, 12.4820217248265
41.8976151441445, 12.4818006730059
41.8984991398563, 12.4814095419675
41.9002017088328, 12.4807041670918
41.9002017088328, 12.4807041670918
41.9004055209949, 12.4806176603002
41.9004055209949, 12.4806176603002
41.9006348289213, 12.4805180412658
41.9011799832149, 12.4803092930817
41.9014962686475, 12.4804281517528
41.9018954490465, 12.4811476057239
41.9018991555774, 12.481167807249
41.9018991555774, 12.481167807249
41.9018991555774, 12.481167807249
41.9018991555774, 12.481167807249
41.9018991555774, 12.481167807249
41.9018316405955, 12.4813724847047
41.9018316405955, 12.4813724847047
41.9018316405955, 12.4813724847047
41.9018316405955, 12.4813724847047
41.9018316405955, 12.4813724847047
41.9018316405955, 12.4813724847047
41.9018316405955, 12.4813724847047
41.9018316405955, 12.4813724847047
41.9018316405955, 12.4813724847047
41.9018316405955, 12.4813724847047
41.9018316405955, 12.4813724847047
41.9018316405955, 12.4813724847047
41.9018316405955, 12.4813724847047
41.9018316405955, 12.4813724847047
41.9018316405955, 12.4813724847047
41.9018316405955, 12.4813724847047
41.9018316405955, 12.4813724847047
41.9018316405955, 12.4813724847047
41.9018316405955, 12.4813724847047
41.9018316405955, 12.4813724847047
41.9018316405955, 12.4813724847047
41.9018316405955, 12.4813724847047
41.9018316405955, 12.4813724847047
41.9018608766753, 12.481333762596
41.9018608766753, 12.481333762596
41.9018608766753, 12.481333762596
41.9018608766753, 12.481333762596
41.9018608766753, 12.481333762596
41.9018608766753, 12.481333762596
41.9018608766753, 12.481333762596
41.9018608766753, 12.481333762596
41.9018608766753, 12.481333762596
41.9018608766753, 12.481333762596
41.9018608766753, 12.481333762596
41.9018608766753, 12.481333762596
41.9018608766753, 12.481333762596
41.9018608766753, 12.481333762596
41.9018608766753, 12.481333762596
41.9018608766753, 12.481333762596
41.9020401823308, 12.4813726531865
41.9022179504592, 12.4812466819534
41.9022393302716, 12.4811839354678
41.9022393302716, 12.4811839354678
41.9022393302716, 12.4811839354678
41.9022393302716, 12.4811839354678
41.9022393302716, 12.4811839354678
41.9022393302716, 12.4811839354678
41.9022393302716, 12.4811839354678
41.9022475518389, 12.4811715090169
41.9022550261749, 12.481169404032
41.9022827815331, 12.4811423604553
41.9022827815331, 12.4811423604553
41.9023501733827, 12.4810953608764
41.902361341157, 12.4811131685106
41.9024057228993, 12.4811361800587
41.9024057228993, 12.4811361800587
41.9024057228993, 12.4811361800587
41.9024057228993, 12.4811361800587
41.9024106107882, 12.481140686148
41.9024106107954, 12.4811406861499
41.9024106107954, 12.4811406861499
41.9024383856339, 12.4811269340716
41.9024355014696, 12.4811032751882
41.9024060988619, 12.4810446322915
41.9024002425331, 12.48104473418
41.9024002418839, 12.4810447344015
41.9024002418839, 12.4810447344015
41.9024002418839, 12.4810447344015
41.9024002418839, 12.4810447344015
41.9024002418839, 12.4810447344015
41.9024002418839, 12.4810447344015
41.9023952555266, 12.4810449606175
41.9023952555161, 12.4810449606215
41.9023952555161, 12.4810449606215
41.9023952555161, 12.4810449606215
41.902351237349, 12.4810739092093
41.9023183006314, 12.4810980686577
41.9023090023974, 12.4811034341771
41.9022734673675, 12.4811440596294
41.9022699837183, 12.4811474214942
41.9022735783342, 12.481130682723
41.9022224529632, 12.4810248182287
41.9021868775896, 12.4809552671741
41.9021868768331, 12.4809552670559
41.9021151676672, 12.4809795793522
41.9021258522068, 12.4809628539027
41.9021150485062, 12.4808735845984
41.9021172595967, 12.4808659188785
41.9020887872741, 12.4808850668766
41.9020937928837, 12.4808931152154
41.9021262065491, 12.4808935351844
41.9021445293384, 12.4808691806445
41.9021181406109, 12.4809199323965
41.9022039089552, 12.4809132613872
41.9022330841151, 12.4808805566331
41.9022027163274, 12.4807513293295
41.9021644157889, 12.4806760802732
41.9020023868286, 12.4806548643056
41.9020023868252, 12.4806548642949
41.9020023868252, 12.4806548642949
41.9020023868252, 12.4806548642949
41.9020023868252, 12.4806548642949
41.9020023868252, 12.4806548642949
41.9020023868252, 12.4806548642949
41.9020023868252, 12.4806548642949
41.9019120708004, 12.4806744654359
41.9019120708003, 12.480674465436
41.9019120708003, 12.480674465436
41.9019120708003, 12.480674465436
41.9019120708003, 12.480674465436
41.9018289834143, 12.4807234284078
41.9018175755362, 12.4807249248898
41.9017602498533, 12.4807375905809
41.9017535906884, 12.4807427283992
41.9017400334772, 12.4807399126666
41.9016425333537, 12.4807683796395
41.9016402188138, 12.4810677284777
41.9017781906624, 12.4813779347859
41.9019226866987, 12.4817659215456
41.902116245728, 12.4822144818054
41.9021394638114, 12.4823691874975
41.9022231257499, 12.4829616453002
41.9023883664774, 12.4835663718899
41.9023978752934, 12.4835951260455
41.9025736896605, 12.4842800859834
41.9027370331455, 12.4850126138091
41.9028145787955, 12.4853039762096
41.9029189291412, 12.4861308303716
41.9033084594801, 12.4873354105949
41.9034551065363, 12.4878284070249
41.9034551065363, 12.4878284070249
41.9034551065363, 12.4878284070249
41.9034551065363, 12.4878284070249
41.9035204912742, 12.4884208220693
