41.9090740669144, 12.488632248531
41.9094221218817, 12.488583006062
41.9096201794461, 12.4889894081995
41.909624939147, 12.4896077859798
41.9098630621903, 12.4905666672446
41.9103337289629, 12.4912541500067
41.9104025927877, 12.4918893035098
41.9100601547924, 12.4919976017673
41.9096687950033, 12.4921331070966
41.9097591470002, 12.4927020137862
41.909890928032, 12.493060483198
41.9100037883132, 12.4930382490701
41.9105878826526, 12.4928595442976
41.9105927188631, 12.4925198613021
41.9105789095335, 12.4924993789699
41.9105789095335, 12.4924993789699
41.9105789095335, 12.4924993789699
41.9105789095335, 12.4924993789699
41.9105789095335, 12.4924993789699
41.9105789095335, 12.4924993789699
41.9105789095335, 12.4924993789699
41.9105789095335, 12.4924993789699
41.9105789095335, 12.4924993789699
41.9105789095335, 12.4924993789699
41.9105789095335, 12.4924993789699
41.9105789095335, 12.4924993789699
41.9105789095335, 12.4924993789699
41.9105789095335, 12.4924993789699
41.9105789095335, 12.4924993789699
41.9105789095335, 12.4924993789699
41.9105789095335, 12.4924993789699
41.9105789095335, 12.4924993789699
41.9105789095335, 12.4924993789699
41.9105789095335, 12.4924993789699
41.9105789095335, 12.4924993789699
41.9105789095335, 12.4924993789699
41.9105336653137, 12.4924386246552
41.9105172893093, 12.4924323703287
41.9105120019204, 12.4924323134577
41.9105157223181, 12.4924133110487
41.9105063366432, 12.4924241001484
41.910467995212, 12.4924521102239
41.9104105928144, 12.492458121071
41.9103772976128, 12.4924908867305
41.9103744736652, 12.4925221664258
41.9103997743908, 12.4925019845878
41.9104052499107, 12.4924714840477
41.9103979503415, 12.4924479057083
41.9104155514526, 12.4924648452194
41.9104436926019, 12.492520848558
41.9104466665686, 12.4925385246269
41.9104534154485, 12.4925135761485
41.9104622806795, 12.4924727680916
41.9104588310972, 12.4924550605079
41.9104681409639, 12.492486478907
41.9104727048948, 12.4925035414983
41.9104628292609, 12.4925241385132
41.9104539844474, 12.4924910008939
41.9104530298759, 12.4924414715465
41.9104665462544, 12.4924446633819
41.9104801003802, 12.4924558746494
41.9104875613486, 12.4924682148369
41.9104841002833, 12.4924857744918
41.9104830960924, 12.4924822216809
41.9104927032017, 12.4924818842737
41.9105140243229, 12.4924915545835
41.9105072796284, 12.4925085451356
41.9104908237962, 12.4925122650696
41.9104767248034, 12.492503742206
41.9104955457696, 12.4925013939121
41.910519605508, 12.4925076600397
41.9105300044237, 12.4924806940514
41.9105125229674, 12.4924755669776
41.9104782046465, 12.4924601166263
41.9104545203372, 12.4924662973687
41.9104771220744, 12.4924530370026
41.9105046665466, 12.4924270858357
41.9105581410862, 12.4923972526885
41.910570374996, 12.4923906664272
41.910570374996, 12.4923906664272
41.910570374996, 12.4923906664272
41.910570374996, 12.4923906664272
41.910570374996, 12.4923906664272
41.910570374996, 12.4923906664272
41.910570374996, 12.4923906664272
41.910570374996, 12.4923906664272
41.910570374996, 12.4923906664272
41.910570374996, 12.4923906664272
41.910570374996, 12.4923906664272
41.9105704011602, 12.4923927043461
41.9105704013259, 12.4923927235831
41.9105704013259, 12.4923927235831
41.9105704013259, 12.4923927235831
41.9105704013259, 12.4923927235831
41.9105704013259, 12.4923927235831
41.9105704013259, 12.4923927235831
41.9105704013259, 12.4923927235831
41.9105623575355, 12.4924079124147
41.9105622789985, 12.4924080521822
41.9105622789985, 12.4924080521822
41.9105622789985, 12.4924080521822
41.9105622789985, 12.4924080521822
41.9105622789985, 12.4924080521822
41.9105622789985, 12.4924080521822
41.9105622789985, 12.4924080521822
41.9105622789985, 12.4924080521822
41.9105622789985, 12.4924080521822
41.9105622789985, 12.4924080521822
41.9105622789985, 12.4924080521822
41.9105622789985, 12.4924080521822
41.9105622789985, 12.4924080521822
41.9105622789985, 12.4924080521822
41.9105622789985, 12.4924080521822
41.9105622789985, 12.4924080521822
41.9105622789985, 12.4924080521822
41.9105622789985, 12.4924080521822
41.9105622789985, 12.4924080521822
41.9105622789985, 12.4924080521822
41.9105622789985, 12.4924080521822
41.9105622789985, 12.4924080521822
41.9105622789985, 12.4924080521822
41.9105622789985, 12.4924080521822
41.9105622789985, 12.4924080521822
41.9105622789985, 12.4924080521822
41.9105622789985, 12.4924080521822
41.9105622789985, 12.4924080521822
41.9105622789985, 12.4924080521822
41.9105622789985, 12.4924080521822
41.9105622789985, 12.4924080521822
41.9105622789985, 12.4924080521822
41.9105622789985, 12.4924080521822
41.9105622789985, 12.4924080521822
41.9105622789985, 12.4924080521822
41.9105622789985, 12.4924080521822
41.9105622789985, 12.4924080521822
41.910535179143, 12.4923393288304
41.9105074720755, 12.4922859584222
41.9105074720755, 12.4922859584222
41.9105074720755, 12.4922859584222
41.9104821510885, 12.4921871944734
41.9104473020012, 12.4919625184027
41.9103988803723, 12.4919209834112
41.9100528058511, 12.4920090989092
41.9097999770217, 12.4920720976585
41.909215497115, 12.4923537973148
41.9087229908361, 12.4926399571071
41.9081840781133, 12.4928146101073
41.9079513871873, 12.4921344276251
41.9078978047509, 12.4918482250125
41.907817903484, 12.4914330471485
41.907817903484, 12.4914330471485
41.907817903484, 12.4914330471485
41.907817903484, 12.4914330471485
41.907817903484, 12.4914330471485
41.907817903484, 12.4914330471485
41.907817903484, 12.4914330471485
41.907817903484, 12.4914330471485
41.907817903484, 12.4914330471485
41.907817903484, 12.4914330471485
41.907817903484, 12.4914330471485
41.907817903484, 12.4914330471485
41.907817903484, 12.4914330471485
41.907817903484, 12.4914330471485
41.907817903484, 12.4914330471485
41.907817903484, 12.4914330471485
41.907817903484, 12.4914330471485
41.907817903484, 12.4914330471485
41.907817903484, 12.4914330471485
41.907817903484, 12.4914330471485
41.907817903484, 12.4914330471485
41.907817903484, 12.4914330471485
41.907817903484, 12.4914330471485
41.907817903484, 12.4914330471485
41.907817903484, 12.4914330471485
41.907817903484, 12.4914330471485
41.907817903484, 12.4914330471485
41.907817903484, 12.4914330471485
41.907817903484, 12.4914330471485
41.907817903484, 12.4914330471485
41.9077333785054, 12.4914919543936
41.9077333785054, 12.4914919543936
41.9077333785054, 12.4914919543936
41.9077333785054, 12.4914919543936
41.9077333785054, 12.4914919543936
41.9077333785054, 12.4914919543936
41.9077333785054, 12.4914919543936
41.9077333785054, 12.4914919543936
41.9077333785054, 12.4914919543936
41.9077333785054, 12.4914919543936
41.9077333785054, 12.4914919543936
41.9077333785054, 12.4914919543936
41.9077333785054, 12.4914919543936
41.9077333785054, 12.4914919543936
41.9077333785054, 12.4914919543936
41.9077333785054, 12.4914919543936
41.9077333785054, 12.4914919543936
41.9077333785054, 12.4914919543936
41.9077333785054, 12.4914919543936
41.9077333785054, 12.4914919543936
41.9077333785054, 12.4914919543936
41.907744489471, 12.4914940881328
41.907744489471, 12.4914940881328
41.907744489471, 12.4914940881328
41.907744489471, 12.4914940881328
41.907740557533, 12.491499004607
41.907740557533, 12.491499004607
41.907740557533, 12.491499004607
41.9077665670464, 12.4914843366964
41.9077665670464, 12.4914843366964
41.9078046697005, 12.4914687412543
41.9078046697005, 12.4914687412543
41.9078046697005, 12.4914687412543
41.9078046697005, 12.4914687412543
41.9078046697005, 12.4914687412543
41.9078046697005, 12.4914687412543
41.9078046697005, 12.4914687412543
41.9078046697005, 12.4914687412543
41.9078046697005, 12.4914687412543
41.9078046697005, 12.4914687412543
41.9078046697005, 12.4914687412543
41.9078046697005, 12.4914687412543
41.9078046697005, 12.4914687412543
41.9078046697005, 12.4914687412543
41.9078046697005, 12.4914687412543
41.9078046697005, 12.4914687412543
41.9078046697005, 12.4914687412543
41.9078046697005, 12.4914687412543
41.9078046697005, 12.4914687412543
41.9078046697005, 12.4914687412543
41.9078046697005, 12.4914687412543
41.9078046697005, 12.4914687412543
41.9077394316956, 12.4911584888524
41.9076722746127, 12.4908537683405
41.9076722746127, 12.4908537683405
41.9076722746127, 12.4908537683405
41.9076722746127, 12.4908537683405
41.9076722746127, 12.4908537683405
41.9076722746127, 12.4908537683405
41.9076722746127, 12.4908537683405
41.9076722746127, 12.4908537683405
41.9076722746127, 12.4908537683405
41.9076722746127, 12.4908537683405
41.9076722746127, 12.4908537683405
41.9076722746127, 12.4908537683405
41.9076722746127, 12.4908537683405
41.9076722746127, 12.4908537683405
41.9076722746127, 12.4908537683405
41.9076722746127, 12.4908537683405
41.9076722746127, 12.4908537683405
41.9076722746127, 12.4908537683405
41.9076722746127, 12.4908537683405
41.9076722746127, 12.4908537683405
41.9076652582001, 12.4908440546589
41.9076091938507, 12.4906737454965
41.9076091938507, 12.4906737454965
41.9076091938507, 12.4906737454965
41.9076091938507, 12.4906737454965
41.9076091938507, 12.4906737454965
41.9076091938507, 12.4906737454965
41.9076091938507, 12.4906737454965
41.9076091938507, 12.4906737454965
41.9076091938507, 12.4906737454965
41.9076091938507, 12.4906737454965
41.9076091938507, 12.4906737454965
41.9076091938507, 12.4906737454965
41.9076091938507, 12.4906737454965
41.9076091938507, 12.4906737454965
41.9076091938507, 12.4906737454965
41.9076091938507, 12.4906737454965
41.9076091938507, 12.4906737454965
41.907575654642, 12.490591950432
41.9075543793411, 12.4904604337085
41.9075543793411, 12.4904604337085
41.9075543793411, 12.4904604337085
41.907440235786, 12.4904922543369
41.90741893087, 12.4905037641106
41.90741893087, 12.4905037641106
41.9074196003264, 12.4904843830595
41.907426456749, 12.4904706352674
41.9074252860694, 12.490468912557
41.9074238677271, 12.4904663059512
41.9074244095472, 12.4904671712428
41.9074244095472, 12.4904671712428
41.9074186803063, 12.490474164016
41.9074186803068, 12.4904741640182
41.9074186803068, 12.4904741640182
41.9074186803068, 12.4904741640182
41.9074186803068, 12.4904741640182
41.9074186803068, 12.4904741640182
41.9074186803068, 12.4904741640182
41.9074186803068, 12.4904741640182
41.9074186803068, 12.4904741640182
41.9074186803068, 12.4904741640182
41.9074101824126, 12.4904755637763
41.9074101824061, 12.4904755637784
41.9074101824061, 12.4904755637784
41.9074101824061, 12.4904755637784
41.907406258536, 12.4904775304018
41.907380837244, 12.490493746311
41.907380837244, 12.490493746311
41.9073744099517, 12.4904980631927
41.9073483969631, 12.4905124396411
41.9073471526093, 12.4905202388606
41.9073452919832, 12.4905231169812
41.9073443599119, 12.4905265279232
41.9073516807537, 12.4905264713082
41.9073516807537, 12.4905264713082
41.9073516807537, 12.4905264713082
41.9073392747953, 12.4905278228639
41.9073322156884, 12.4905229987756
41.9073344944841, 12.4905214699899
41.9073421584636, 12.4905122950141
41.907343864425, 12.4905044029434
41.9073598833503, 12.4904725535584
41.9073741580892, 12.490344524801
41.9073805181746, 12.490296362209
41.9073838714125, 12.4903026258688
41.9074051843225, 12.490315671091
41.9074051843225, 12.490315671091
41.9074051843225, 12.490315671091
41.9074051843225, 12.490315671091
41.9074057257856, 12.4903141199056
41.9074218248767, 12.4902625895427
41.9074218248743, 12.4902625895377
41.9074218248743, 12.4902625895377
41.9074153924939, 12.4902647894697
41.9074153924939, 12.4902647894697
41.9074153924939, 12.4902647894697
41.9074206840115, 12.4902608004596
41.9074206840115, 12.4902608004596
41.9074206840115, 12.4902608004596
41.9074260485402, 12.4902613428255
41.9074260493576, 12.4902613425197
41.9074356878495, 12.4902658367026
41.9074356878495, 12.4902658367026
41.9074528921004, 12.4902555196229
41.9074636953116, 12.4902459916888
41.9074637165882, 12.4902459796994
41.9074668754867, 12.4902226999163
41.9074742837142, 12.4902027078137
41.9074653470717, 12.4901739912179
41.9074653470717, 12.4901739912179
41.9074565666442, 12.4901824161196
41.9074456825924, 12.4901641364295
41.9074221299591, 12.4901760598395
41.9074220739397, 12.4901760797592
41.9073852994105, 12.4900663252113
41.9073852994105, 12.4900663252113
41.9073852994105, 12.4900663252113
41.9073164980554, 12.4898905252096
41.9072306404033, 12.4898659226858
41.9071961962845, 12.4898718135789
41.9071881615702, 12.4898752098434
41.9071827324648, 12.4898709528876
41.9071827324648, 12.4898709528876
41.9071849993929, 12.4898588296133
41.9071857485802, 12.4898565108314
41.9071355644132, 12.489944096122
41.9070399743002, 12.4900860719251
41.9069318418619, 12.4901648266289
41.9069318418619, 12.4901648266289
41.9069318418619, 12.4901648266289
41.906786913166, 12.4902246584846
41.9062729817109, 12.4904426889803
41.9062729817109, 12.4904426889803
41.9056003286218, 12.4915879538739
41.9053659117486, 12.4923085921279
41.9053253602732, 12.4924038555542
41.9051855202277, 12.4929143085311
41.9046985632623, 12.49367050264
41.9046078446333, 12.493780526647
41.9046078446333, 12.493780526647
41.9044592812562, 12.4940197028912
41.9044029951761, 12.4941113199562
41.9042834465429, 12.4943715652193
41.9042834465429, 12.4943715652193
41.9041872226706, 12.4945264529217
41.904050993017, 12.4946957053057
41.9037923080645, 12.4949048255739
41.9035733067346, 12.4951377353969
41.9034012074559, 12.4954251570546
41.9032550818533, 12.495612088731
41.903196043904, 12.4956687671464
41.9028360188512, 12.4959049905361
41.9025700050001, 12.4958081403504
41.902264083861, 12.4954832718345
41.9016812036727, 12.4946678499461
41.9010468864496, 12.4937129794273
41.9007237413338, 12.4932313818844
41.9007237413338, 12.4932313818844
41.9007237413338, 12.4932313818844
41.9007237413338, 12.4932313818844
41.9007237413338, 12.4932313818844
41.9007237413338, 12.4932313818844
41.9005894802716, 12.4931123889602
41.9003119478071, 12.4933917527783
41.8996415588008, 12.4948004679097
41.899380313582, 12.4952289188284
41.8989764842331, 12.4960647183308
41.8983987346303, 12.4968746460863
41.898157990805, 12.4967854732069
41.898157990805, 12.4967854732069
41.8978464230792, 12.4964217927054
41.8972469125253, 12.4957706272143
41.8965433329284, 12.4950556832082
41.8955349993256, 12.4939719713203
41.8947679103914, 12.4932071570579
41.8946183111099, 12.4926928082665
41.8943753731742, 12.4915786242629
41.8943753731742, 12.4915786242629
41.8943753731742, 12.4915786242629
41.8943753731742, 12.4915786242629
41.8942275408782, 12.4912530298746
41.8936652310661, 12.4910647717306
41.8921928074371, 12.4916515932761
41.8915059998272, 12.4920539787924
41.8912785930234, 12.4927631423921
41.8910116820796, 12.4935477496552
41.8908174414719, 12.4940337990658
