41.9240635110913, 12.4999087074908
41.9248010078302, 12.4983165058407
41.9253874067531, 12.4965464662586
41.9243263456469, 12.4951971378944
41.9232150185271, 12.4938504679453
41.9226887395984, 12.4928977016271
41.9226887395984, 12.4928977016271
41.9226887395984, 12.4928977016271
41.9226887395984, 12.4928977016271
41.9226887395984, 12.4928977016271
41.9226887395984, 12.4928977016271
41.9224893122988, 12.4925203339929
41.9216479810803, 12.4921979972246
41.9209132637795, 12.4919917708004
41.9209132637795, 12.4919917708004
41.9202444834891, 12.4913288130075
41.9190722992805, 12.4903613144855
41.9181845915364, 12.4915930816954
41.9171747554946, 12.4934355023577
41.9159247266078, 12.4942179427431
41.9155005266373, 12.4941525316067
41.9139882854994, 12.4936630887752
41.912338500127, 12.4924534984181
41.9106715719892, 12.490566268503
41.9099348438872, 12.4889939893916
41.9097199809502, 12.4882418591351
41.9089827679669, 12.4886885181173
41.9075446790455, 12.4898785933528
41.9074127511577, 12.4900223318278
41.9075966446918, 12.4908663922349
41.9075875184851, 12.4906467047968
41.9075875184851, 12.4906467047968
41.9075875184851, 12.4906467047968
41.9075875184851, 12.4906467047968
41.9075875184851, 12.4906467047968
41.9075875184851, 12.4906467047968
41.9075875184851, 12.4906467047968
41.9075875184851, 12.4906467047968
41.9075875184851, 12.4906467047968
41.9075875184851, 12.4906467047968
41.9075875184851, 12.4906467047968
41.9075875184851, 12.4906467047968
41.9075875184851, 12.4906467047968
41.9075875184851, 12.4906467047968
41.9075875184851, 12.4906467047968
41.9075875184851, 12.4906467047968
41.9075875184851, 12.4906467047968
41.9075875184851, 12.4906467047968
41.9075875184851, 12.4906467047968
41.9075821541882, 12.4906071811533
41.9075821541882, 12.4906071811533
41.9075821541882, 12.4906071811533
41.9075821541882, 12.4906071811533
41.9075821541882, 12.4906071811533
41.9075821541882, 12.4906071811533
41.9075821541882, 12.4906071811533
41.9075821541882, 12.4906071811533
41.9075821541882, 12.4906071811533
41.9075821541882, 12.4906071811533
41.9075821541882, 12.4906071811533
41.9075821541882, 12.4906071811533
41.9075821541882, 12.4906071811533
41.9075821541882, 12.4906071811533
41.9075821541882, 12.4906071811533
41.9075808600377, 12.4905525003183
41.9074699298332, 12.4901326632739
41.9074699298332, 12.4901326632739
41.9074458118399, 12.4900891067006
41.9064731411697, 12.4901758861286
41.9075821541882, 12.4906071811533
41.9057125390909, 12.4883658563
41.9055760605516, 12.488079577194
41.9055760605516, 12.488079577194
41.9055760605516, 12.488079577194
41.9075821541882, 12.4906071811533
41.9046381589995, 12.4881701556412
