41.9063021431796, 12.4901428157564
41.9063021431796, 12.4901428157564
41.9065431641265, 12.4903526954979
41.907296972436, 12.4900372594107
41.907296972436, 12.4900372594107
41.907296972436, 12.4900372594107
41.908627446968, 12.4889415000501
41.9096610991408, 12.4890089713941
41.9098333134451, 12.4894603023608
41.9098333134451, 12.4894603023608
41.910563679757, 12.4904391460712
41.9120044187793, 12.492351357396
41.9134831896852, 12.4933417980157
41.9134831896852, 12.4933417980157
41.9144396940765, 12.4939162239958
41.9155882332129, 12.4942071216633
41.9160358783127, 12.4932917446798
41.917310072715, 12.4911032410664
41.917879163293, 12.4915182685482
41.917879163293, 12.4915182685482
41.917879163293, 12.4915182685482
41.917879163293, 12.4915182685482
41.917879163293, 12.4915182685482
41.917879163293, 12.4915182685482
41.917879163293, 12.4915182685482
41.917879163293, 12.4915182685482
41.917879163293, 12.4915182685482
41.917879163293, 12.4915182685482
41.917879163293, 12.4915182685482
41.917879163293, 12.4915182685482
41.917879163293, 12.4915182685482
41.917879163293, 12.4915182685482
41.917879163293, 12.4915182685482
41.917879163293, 12.4915182685482
41.917879163293, 12.4915182685482
41.917879163293, 12.4915182685482
41.917879163293, 12.4915182685482
41.917879163293, 12.4915182685482
41.917879163293, 12.4915182685482
41.9178326430838, 12.4915605961552
41.9178873947145, 12.491548279788
41.9178699301497, 12.4915872712307
41.9178745819929, 12.4915779110079
41.9178916848288, 12.4915044899261
41.9178553578535, 12.4915860512956
41.917853282981, 12.4915896231434
41.9178519766237, 12.4915755947186
41.9178468747006, 12.4915734544135
41.9178632354133, 12.4915130982559
41.917868004614, 12.4915883227987
41.9178428903074, 12.4915988225131
41.9178567953981, 12.4916245026178
41.9178448683505, 12.4915367001747
41.9178462261103, 12.4915952884011
41.9178138217135, 12.4916413548143
41.9178437370629, 12.4915960610727
41.917917201877, 12.4915253936245
41.9178952243381, 12.4915648863005
41.9178950352717, 12.491586480127
41.9178349713235, 12.4916109280773
41.9178465261833, 12.4916116365627
41.9179193180029, 12.4915947800228
41.9179055893498, 12.4915446236419
41.9179212835835, 12.4915274003719
41.9179187847162, 12.4915301561761
41.9178620659939, 12.4915441101949
41.9178863909287, 12.4915452290098
41.9178610491276, 12.4915515942469
41.9178152321713, 12.4915495705643
41.917890932644, 12.4915851329087
41.9179053072843, 12.4915814843559
41.9178943454663, 12.4915921666599
41.9178728896153, 12.4916122897106
41.9178205699252, 12.4915974856211
41.9177913372922, 12.4916500900027
41.917875564463, 12.4916218754382
41.9178562455636, 12.4916421059739
41.9178131152985, 12.4916968904398
41.9178084239778, 12.4917710201208
41.9178560980051, 12.4917280941755
41.9178760832512, 12.491631466923
41.9178497473137, 12.491634677277
41.9178331242791, 12.4916510081571
41.9178443689738, 12.4916760857578
41.9178209944799, 12.4917193769989
41.9178724728544, 12.4916893193383
41.9178932622268, 12.4915583318154
41.9178618048934, 12.4915678877565
41.9178950060033, 12.4915615449448
41.9178941507737, 12.4915689061435
41.9179083732833, 12.491442799672
41.9178807613081, 12.4915207891194
41.9178499323871, 12.4916392322337
41.91783554447, 12.4916312862725
41.9178556248753, 12.4916092223935
41.9178749986498, 12.4915849868521
41.917868314601, 12.4916187939605
41.917864712207, 12.4916317677723
41.9178816766603, 12.4914828313354
41.9179087561335, 12.491506521617
41.9178483050911, 12.4915635059466
41.9178915156493, 12.4915842426357
41.9179278801064, 12.4915714691615
41.9179105520921, 12.4915538593566
41.9178855575645, 12.4915757487518
41.9179086301664, 12.4915384180403
41.91792834252, 12.4914874994169
41.917888560447, 12.4916250321831
41.9179395437358, 12.491721945906
41.9179193469849, 12.4916974185045
41.9178373690631, 12.4916412075297
41.9178383938712, 12.4915944058616
41.9178671163801, 12.4915761003892
41.9178718308743, 12.491573043042
41.9178611840833, 12.491655471641
41.9178480697726, 12.4916083946458
41.917851193824, 12.4915986208721
41.917843471224, 12.4915870781631
41.917870731408, 12.4915618182115
41.9179143477625, 12.4915624526811
41.9179031298552, 12.4915566194154
41.9178929450074, 12.4915497088484
41.9178521819575, 12.4915489056816
41.9178917673252, 12.4915855947758
41.9178617893532, 12.4915833826728
41.917863420184, 12.4916237528645
41.9179123713849, 12.4916682461983
41.9179192788693, 12.4917145958609
41.9178034670636, 12.491654519351
41.9178180314298, 12.4915735456098
41.9178540755614, 12.4915514474401
41.9178691956074, 12.4916891466897
41.917841749759, 12.4916387762292
41.9178305948316, 12.4916381506785
41.9177980815836, 12.4915948444894
41.9178237961303, 12.4915719352975
41.9178011959326, 12.4915523899042
41.917885863682, 12.4915958236955
41.9177689453623, 12.4916486485642
41.9177865807898, 12.4916843254784
41.9178146797355, 12.4916614986288
41.9178456260767, 12.4915775823496
41.9177823240321, 12.491554372439
41.9177648827429, 12.4915314209656
41.9178002015393, 12.4916389258095
41.9178540198302, 12.4917296271075
41.9178177004452, 12.4916335305306
41.9178153714296, 12.4916654927086
41.9177974389175, 12.4915805950749
41.9178433454527, 12.491637999887
41.9178926987531, 12.4916919181311
41.9178269360039, 12.4917288277765
41.9177963924734, 12.491702539221
41.9177474537458, 12.4916623808992
41.9178486296876, 12.491606068061
41.9178525318729, 12.4915939583144
41.9178314805234, 12.491629037933
41.9177952426754, 12.4916656180742
41.9177990694355, 12.4916907379673
41.9178087315064, 12.4916779007589
41.9178507803207, 12.491565386425
41.9178705436838, 12.4916144418757
41.9178839876843, 12.4916228917514
41.91786962652, 12.4915877054313
41.9177916710829, 12.4916647986332
41.9178279034996, 12.4916989549597
41.9178897125792, 12.4917325954925
41.9178710332384, 12.4916807263191
41.9178415286396, 12.491608927988
41.917752465438, 12.491554867027
41.9177648036095, 12.4915726017306
41.9178105460088, 12.4916172896134
41.9178421351853, 12.4915773723714
41.9178197165978, 12.4916223018724
41.9178547386638, 12.4916597284616
41.9178873288832, 12.4917041728888
41.9178729242093, 12.4917324910238
41.9178504617364, 12.4916919662423
41.9178897934271, 12.4916344576278
41.9178350419599, 12.4915783961214
41.917896500532, 12.491686640888
41.9178253213024, 12.4916396487358
41.9177970565682, 12.4916313477036
41.9178259296137, 12.4917114017911
41.9178733098623, 12.4916819506897
41.9178717066337, 12.4916337784833
41.9178895964481, 12.4916921031189
41.9179617308753, 12.4917065650423
41.9178595470265, 12.4917013270042
41.9178332631557, 12.4916733110117
41.9178041820254, 12.4916086194546
41.9178350797477, 12.4916479536956
41.91788097119, 12.4916656553777
41.9178524066876, 12.4916177119765
41.9177765511318, 12.491640883577
41.9178624732725, 12.4916072382577
41.9178646023639, 12.4917026488839
41.9179013917616, 12.4916502176241
41.9178862799516, 12.4916282204646
41.9178962369793, 12.4916655914978
41.9179704754835, 12.4917515956412
41.9179947942087, 12.49184408666
41.9179322027271, 12.4918734744322
41.9178671144151, 12.491747399084
41.9178331827987, 12.4916467489501
41.9178334543102, 12.4915791882154
41.917808635321, 12.4915803846739
41.9178577176101, 12.4916305856009
41.9178716306053, 12.4916469309937
41.9178886205973, 12.4917342290665
41.9178790158969, 12.4917695990698
41.9178822446201, 12.4917650068367
41.9178987097004, 12.4917845988637
41.9178962931291, 12.491795754341
41.9178496740615, 12.4917306809029
41.9178809911126, 12.4917409223005
41.9178236176139, 12.4916957182087
41.9177976976504, 12.4917125634671
41.917819874666, 12.491700692918
41.9178690375168, 12.4916848812888
41.9178736263873, 12.4916967250026
41.917854304191, 12.4916157656197
41.9178915973559, 12.4915983751888
41.9179250710696, 12.4915634890646
41.9178696748795, 12.4916014856563
41.9178375057225, 12.4915574862594
41.9178600153553, 12.4915829507319
41.9178833643142, 12.4916094076421
41.9178717539779, 12.4916705508692
41.9178318614264, 12.491764634887
41.9178511868454, 12.4917481911012
41.9178458474694, 12.4917342648258
41.9178879538928, 12.4916872643054
41.9178356050282, 12.4915998655094
41.9178644904821, 12.4916307369697
41.9178324540858, 12.4915780987597
41.9178514792826, 12.4915121876462
41.9178621951903, 12.4915414259526
41.9179089058492, 12.4915053186976
41.917942886052, 12.4914746970069
41.9179144414879, 12.4914428225436
41.9178500332951, 12.4915071927324
41.9178144574049, 12.4916297394846
41.9178588980562, 12.4916882375073
41.9178648143688, 12.4917026203544
41.9178638467446, 12.4915393302977
41.9178639802607, 12.4915297170137
41.9178742682292, 12.4915919944521
41.9178743764542, 12.4916128240731
41.917865326483, 12.4916130440548
41.9178773646969, 12.4915721571105
41.9179071346175, 12.4915856053514
41.9179103585455, 12.4916116893434
41.9178707937907, 12.4915957251368
41.9179056186571, 12.4916183859986
41.9179285178379, 12.4916026890563
41.9178868244127, 12.4915456027526
41.9178071655484, 12.4915341172595
41.9177035634413, 12.4915643363137
41.9176886183746, 12.4916127586652
41.9177688062668, 12.4916012056111
41.9178505742613, 12.4916127682207
41.9178736241186, 12.4914948408122
41.9178485374054, 12.491500182664
41.9178112618454, 12.4916301443913
41.9178143501567, 12.4916837977002
41.917838328412, 12.4916782321134
41.9178211889326, 12.4916769010447
41.9178303149274, 12.4916517476768
41.9178116631919, 12.4916561954797
41.917765165839, 12.4917115360332
41.9177905138431, 12.4917390200785
41.9177988073537, 12.4917512753408
41.917764721921, 12.4917293582976
41.9178113022588, 12.4916959686967
41.9178126138397, 12.4916496215662
41.9178214323756, 12.4916770262544
41.9178214323756, 12.4916770262544
41.9178214323756, 12.4916770262544
41.9178214323756, 12.4916770262544
41.9178406125858, 12.4915897957565
41.9178525207895, 12.4915944615426
41.9178665631227, 12.4915664458144
41.9179236905491, 12.4915778293269
41.9179022357611, 12.491565997164
41.9178372488561, 12.4916648014789
41.9178313589286, 12.491678263412
41.9178118301009, 12.491667659077
41.9178672604183, 12.4916740432202
41.9178522228132, 12.4916774238366
41.9178527014552, 12.4916535240894
41.9178770862721, 12.4916472077116
41.917884772173, 12.4916993797944
41.9178353012655, 12.4916362558413
41.9177843188619, 12.4916342210995
41.9177969083015, 12.4916866071666
41.9178423163603, 12.4916848832156
41.9178449817878, 12.4916103910394
41.9179093402687, 12.4915847362895
41.9178757186311, 12.4915924467229
41.9178773686807, 12.4915262562017
41.9178681582291, 12.4914685861727
41.9178811546884, 12.4914307701104
41.9178679232026, 12.4914313495045
41.9178781834358, 12.4914507654096
41.9179338966343, 12.4915259788357
41.9178384980356, 12.4915870899793
41.9178050128022, 12.4916318395888
41.9178050128022, 12.4916318395888
41.9178543295991, 12.4916383867571
41.9179940034355, 12.4920569615875
41.9173626722198, 12.4931050028446
41.9179218757335, 12.4936120924312
41.9195591093819, 12.4928648668351
41.9201784907148, 12.4943991232561
41.9208045327401, 12.4960734213946
41.920824122625, 12.4961356538505
41.920824122625, 12.4961356538505
41.920824122625, 12.4961356538505
41.9210087156744, 12.4964313509201
41.9217371144011, 12.4946471338964
41.9221906703431, 12.4934583495597
