41.9020151451167, 12.4632720168324
41.9021365212478, 12.4631268325829
41.9021365212478, 12.4631268325829
41.9021365212478, 12.4631268325829
41.9021365212478, 12.4631268325829
41.9021365212478, 12.4631268325829
41.9021365212478, 12.4631268325829
41.9024306392163, 12.4629740900238
41.9030271393186, 12.4629822445267
41.9034362259121, 12.4635359504647
41.9033143796976, 12.4642192004809
41.9029749828868, 12.4642453743422
41.9027826332365, 12.4642469988136
41.9027826332365, 12.4642469988136
41.9027826332365, 12.4642469988136
41.9027826332365, 12.4642469988136
41.9027826332365, 12.4642469988136
41.9024309743743, 12.4642110649488
41.9024093136843, 12.4632714225674
41.9024118726292, 12.4626471276569
41.9024233879966, 12.461772963708
41.9023402779961, 12.4601751462233
41.9022863087121, 12.4592325904941
41.9021612188088, 12.4584650651989
41.9015661483562, 12.458191189595
41.9011633751119, 12.4574054541691
41.9011841417829, 12.4566206275017
41.9003661681175, 12.4565956676174
41.900057990055, 12.4574961104946
41.900057990055, 12.4574961104946
41.8995762781564, 12.4615233676521
41.8995886619163, 12.4619812185066
41.8995886619163, 12.4619812185066
41.8995886619163, 12.4619812185066
41.8995987879632, 12.4620616432277
41.8997349747589, 12.4629216325127
41.8998154624561, 12.4637147396858
41.8998154624561, 12.4637147396858
41.8998154624561, 12.4637147396858
41.8998154624561, 12.4637147396858
41.8998154624561, 12.4637147396858
41.8997843934632, 12.4637997076749
41.8998260058116, 12.4642001046889
41.900394292413, 12.4644808903096
41.900522540734, 12.4645906347568
41.900522540734, 12.4645906347568
41.900522540734, 12.4645906347568
41.900522540734, 12.4645906347568
41.900567980467, 12.4646512822061
41.9009181175385, 12.4651294869222
41.9013352253091, 12.4662154751358
41.9012921922883, 12.4663760098438
41.9012921922883, 12.4663760098438
41.9012921922883, 12.4663760098438
41.9012921922883, 12.4663760098438
41.9012921922883, 12.4663760098438
41.9012921922883, 12.4663760098438
41.9012921922883, 12.4663760098438
41.9012921922883, 12.4663760098438
41.9012921922883, 12.4663760098438
41.9012921922883, 12.4663760098438
41.9012921922883, 12.4663760098438
41.9012921922883, 12.4663760098438
41.9012921922883, 12.4663760098438
41.9012921922883, 12.4663760098438
41.9012921922883, 12.4663760098438
41.9012921922883, 12.4663760098438
41.9012921922883, 12.4663760098438
41.9012921922883, 12.4663760098438
41.9012921922883, 12.4663760098438
41.9012921922883, 12.4663760098438
41.9012921922883, 12.4663760098438
41.9012921922883, 12.4663760098438
41.9012921922883, 12.4663760098438
41.9012921922883, 12.4663760098438
41.9012921922883, 12.4663760098438
41.9012921922883, 12.4663760098438
41.9012921922883, 12.4663760098438
41.9012921922883, 12.4663760098438
41.9012921922883, 12.4663760098438
41.9012750741311, 12.4663954918682
41.9012750741311, 12.4663954918682
41.9013076317834, 12.4665579216639
41.9013145298704, 12.4665391646743
41.901301205663, 12.4665113064636
41.9012783165548, 12.466470066636
41.901222090126, 12.4663684128973
41.9011718299985, 12.4663212015864
41.9011134820575, 12.4663606821727
41.9011380807362, 12.4664332683597
41.901179803027, 12.4664657758395
41.9012157282748, 12.4664593757288
41.9012609890446, 12.4663171514694
41.9012650257772, 12.4662845882907
41.9012533179684, 12.4663094320314
41.9012450762667, 12.4663706185392
41.901237497107, 12.4663919994717
41.9012561430012, 12.4665007975059
41.9013409031211, 12.4673748285489
41.9012725141843, 12.4675857510582
41.9012859090096, 12.4677742202566
41.9012895201999, 12.4678377722971
41.9013637874502, 12.4682301810973
41.9013781317589, 12.4684588667414
41.9014446067185, 12.4689456836504
41.9014834544937, 12.469282641476
41.9015791078395, 12.469715045496
41.9015857725959, 12.4697400296475
41.9015857725959, 12.4697400296475
41.9015857725959, 12.4697400296475
41.9015857725959, 12.4697400296475
41.9015857725959, 12.4697400296475
41.9017065879015, 12.4701191347537
41.9020368422122, 12.4713885434008
41.9023502455819, 12.4722393954384
41.9027722686314, 12.4731865488661
41.9034908505283, 12.4741595919099
41.9040136936185, 12.4745499833208
41.9043280441887, 12.4747213969288
41.9044350591984, 12.4747597616537
41.9044350591984, 12.4747597616537
41.9044350591984, 12.4747597616537
41.9044350591984, 12.4747597616537
41.9044350591984, 12.4747597616537
41.9044350591984, 12.4747597616537
41.9046812321638, 12.474896262253
41.9051566295627, 12.4750902432245
41.9058645644331, 12.475189066567
41.9069286377929, 12.4750735137582
41.9074953708287, 12.4748493103196
41.9079761608359, 12.4747550910139
41.9089665711204, 12.4741375898333
41.9099604989958, 12.4734310607691
41.9113373375301, 12.4726359427026
41.9120555872686, 12.4724230433177
41.9142265960215, 12.471863204694
41.9142392027944, 12.4718522658938
41.9143729805183, 12.47176765465
41.9151457678446, 12.4715814303998
41.916900973315, 12.4715388619637
