41.9071301145014, 12.490145449908
41.9071301145014, 12.490145449908
41.9071301145014, 12.490145449908
41.9072210863157, 12.4900178561158
41.9074635408319, 12.4904820471684
41.9078134535741, 12.4918210508958
41.9079042916232, 12.4918451257927
41.9079042916232, 12.4918451257927
41.9079042916232, 12.4918451257927
41.9079042916232, 12.4918451257927
41.9079079400324, 12.4917354151269
41.9079079400324, 12.4917354151269
41.9079030190937, 12.4917213743855
41.9079030190937, 12.4917213743855
41.9079030190937, 12.4917213743855
41.9079030190937, 12.4917213743855
41.9079030190937, 12.4917213743855
41.9079030190937, 12.4917213743855
41.9079030190937, 12.4917213743855
41.9079030190937, 12.4917213743855
41.9079030190937, 12.4917213743855
41.9079030190937, 12.4917213743855
41.9079030190937, 12.4917213743855
41.9079030190937, 12.4917213743855
41.9079030190937, 12.4917213743855
41.9079030190937, 12.4917213743855
41.9079030190937, 12.4917213743855
41.9079030190937, 12.4917213743855
41.9079030190937, 12.4917213743855
41.9079030190937, 12.4917213743855
41.9079030190937, 12.4917213743855
41.9079030190937, 12.4917213743855
41.9079030190937, 12.4917213743855
41.9079016568628, 12.4916865532686
41.9078521689688, 12.4914717800774
41.9078521689688, 12.4914717800774
41.9078521689688, 12.4914717800774
41.9078521689688, 12.4914717800774
41.9078521689688, 12.4914717800774
41.9077844678368, 12.4914938228855
41.9077878237933, 12.4914707800068
41.9078094476943, 12.491458652658
41.9078017285794, 12.4914876059441
41.9078089458196, 12.4915013994323
41.9078031285748, 12.4914985349088
41.9077871785021, 12.4915331356597
41.9078004481499, 12.4914900049174
41.9078085558072, 12.4914760475106
41.9078230570521, 12.4914961181124
41.9078052485103, 12.491516328787
41.9077998150951, 12.4915467083941
41.9077962501015, 12.4915615991982
41.9078026129841, 12.4915132333551
41.9078231613734, 12.4914366277874
41.9078023950098, 12.4913876252406
41.9077770501084, 12.4913288041109
41.9077770501084, 12.4913288041109
41.9077521384007, 12.4912526368261
41.9077775504314, 12.4912582210437
41.9077736947058, 12.4912391740148
41.9077578364773, 12.4912051008745
41.9077381021119, 12.4911669922521
41.907735547344, 12.4911344160077
41.907732004044, 12.4911547185933
41.9077045748939, 12.4911843345836
41.9076319068597, 12.4911583830075
41.907617687929, 12.491238752452
41.9076178514605, 12.4913252302822
41.9076228627462, 12.4913329396315
41.9076289720626, 12.4913054511041
41.9076303883283, 12.491261694829
41.9076406027055, 12.4912258065937
41.9076398171946, 12.4912324861477
41.9076315519642, 12.4912335454509
41.90752642631, 12.491142690841
41.9075829222337, 12.4909487833524
41.90760070636, 12.490849158564
41.907614925365, 12.4907839996899
41.9076509467595, 12.4907666371794
41.9076733291286, 12.4908147118195
41.9076677965771, 12.4908223056573
41.9076702587201, 12.4908177534387
41.907681767904, 12.49080783273
41.907681067763, 12.4908138986018
41.9076834648246, 12.4908283283932
41.9076820188211, 12.4908319986032
41.9076897486311, 12.490829176272
41.9076860024357, 12.4907938038796
41.9076703296596, 12.4908063081564
41.9077010727437, 12.4907874056826
41.9077066042728, 12.4908096639443
41.9076928294914, 12.4908313153947
41.9076768514584, 12.4908570880648
41.9076724507774, 12.4908046445972
41.9076697544439, 12.4907797750182
41.9076697544439, 12.4907797750182
41.907673289553, 12.490777480755
41.9076397598699, 12.4906858988183
41.9076265517516, 12.4907043616078
41.9075728157706, 12.4908696659291
41.9075380270395, 12.4908862415316
41.9075270586378, 12.4908598065182
41.9075376810022, 12.4908156538042
41.9075077642183, 12.4907601222583
41.9074581646448, 12.4908464079207
41.9074552822548, 12.4908523868475
41.9074279285613, 12.4908739607482
41.9073951530316, 12.4909221762903
41.9073614568186, 12.4909445674789
41.9073595771062, 12.4909001271877
41.9073663788537, 12.4908923423263
41.9074139255451, 12.4908839144354
41.9074597354917, 12.4908514084257
41.9074973203754, 12.4908050943835
41.9075404292313, 12.4907374244315
41.907589046654, 12.4906418698077
41.9076146389575, 12.4906414761787
41.9075841560915, 12.4906181341462
41.9075988972585, 12.4906061062005
41.9076170764502, 12.4905935427506
41.907643750881, 12.4905451966832
41.9076462444804, 12.4905441829429
41.9076195770472, 12.4904930131731
41.9076195770438, 12.4904930131743
41.9076195770438, 12.4904930131743
41.9076195770438, 12.4904930131743
41.9076195770438, 12.4904930131743
41.9075894588219, 12.4904230957922
41.907589380719, 12.4904230239745
41.907589380719, 12.4904230239745
41.907589380719, 12.4904230239745
41.907589380719, 12.4904230239745
41.907589380719, 12.4904230239745
41.907589380719, 12.4904230239745
41.907589380719, 12.4904230239745
41.907589380719, 12.4904230239745
41.907589380719, 12.4904230239745
41.907589380719, 12.4904230239745
41.907589380719, 12.4904230239745
41.907589380719, 12.4904230239745
41.907589380719, 12.4904230239745
41.907589380719, 12.4904230239745
41.907589380719, 12.4904230239745
41.907589380719, 12.4904230239745
41.907589380719, 12.4904230239745
41.907589380719, 12.4904230239745
41.907589380719, 12.4904230239745
41.9075829798471, 12.4904266464143
41.9075829464082, 12.4904266440813
41.9075829464082, 12.4904266440813
41.9075849299592, 12.4904241371051
41.907581564173, 12.4904072106188
41.907571537682, 12.490402376129
41.9075607715755, 12.4903825845113
41.9075607576585, 12.4903825852941
41.9075207807953, 12.4904063029525
41.9075288298568, 12.4903087338069
41.9075520101632, 12.4903024726315
41.9075560964024, 12.4903696589032
41.9075573981057, 12.4903840599136
41.9075712919539, 12.4903839463797
41.9075768285074, 12.4902889333975
41.9076167858158, 12.4902342306089
41.9076188851841, 12.4902107575724
41.9076188851745, 12.4902107575597
41.9075432000176, 12.4902186806939
41.9075432000176, 12.4902186806939
41.9075137714397, 12.4902297397139
41.9074601940019, 12.490272387641
41.9074599856403, 12.4902826715688
41.9074597069308, 12.4903125587797
41.9074597069308, 12.4903125587797
41.9074606956975, 12.4903445794475
41.9074475092663, 12.4903817589772
41.9074367341798, 12.4903969938883
41.907436737327, 12.4903970135538
41.907436737327, 12.4903970135538
41.9074486630662, 12.4903748376147
41.9074486630787, 12.4903748376026
41.9074486630787, 12.4903748376026
41.9074486630787, 12.4903748376026
41.9074486630787, 12.4903748376026
41.9074486630787, 12.4903748376026
41.9074330437431, 12.4903154431762
41.9074357672631, 12.4902971662251
41.9074357672631, 12.4902971662251
41.9074357672631, 12.4902971662251
41.9074357672631, 12.4902971662251
41.9074357672631, 12.4902971662251
41.9074349138257, 12.4902787122426
41.9074225995147, 12.4901265830319
41.9074225995147, 12.4901265830319
41.9074225995147, 12.4901265830319
41.9074225995147, 12.4901265830319
41.9074225995147, 12.4901265830319
41.9074225995147, 12.4901265830319
41.9074225995147, 12.4901265830319
41.9074225995147, 12.4901265830319
41.9074225995147, 12.4901265830319
41.9074225995147, 12.4901265830319
41.9074225995147, 12.4901265830319
41.9074225995147, 12.4901265830319
41.9073732263161, 12.4899621579641
41.9068526350325, 12.4901830402259
41.9061943521737, 12.4900675187945
41.9057473410145, 12.4885223404147
41.9050777761165, 12.4879335847007
41.9041927103128, 12.488517905452
41.9033850242222, 12.4878920368759
41.9032178180017, 12.4870092468318
41.90303977226, 12.486323030026
41.9029693685414, 12.4862813959673
41.9029693685414, 12.4862813959673
41.9029767536049, 12.4862573935285
41.9028450999289, 12.4854230347495
41.9026682085766, 12.4849381304837
41.9025582017709, 12.4843603717125
41.9023830887065, 12.4838749805186
41.9022637941111, 12.4838306168803
41.9021455093127, 12.4830655504395
41.901943083572, 12.4821899569968
41.9018052294689, 12.4817632748852
41.9017891100033, 12.4814860881577
41.9019438248659, 12.4812830660074
41.9019705231195, 12.4812816495704
41.9019705231195, 12.4812816495704
41.9019705231195, 12.4812816495704
41.9019705231195, 12.4812816495704
41.9019705231195, 12.4812816495704
41.902136037316, 12.4812219183948
41.9022381511014, 12.4810341318266
41.9021699959125, 12.4806667897801
41.902168356781, 12.4806284555767
41.9021750955743, 12.480509612983
41.9018091250552, 12.4799999577302
41.9009453824345, 12.4803052935115
41.9004588615316, 12.4805872338148
41.9004450583605, 12.4806006786028
41.9000087564668, 12.4809280237364
41.8997106556437, 12.480920487498
41.8994747568556, 12.480944683773
41.8990156092137, 12.4812101987973
41.8985190498041, 12.4812549452885
41.8982814050394, 12.4813069894405
41.8975972955775, 12.4816419657367
41.8971513586303, 12.4818510550641
41.8971513586303, 12.4818510550641
41.8968932130481, 12.4819922411244
41.896563219012, 12.4816546170219
41.8964507655437, 12.4807668492247
41.8961656284695, 12.4794975474805
41.896052946864, 12.4790093961527
41.896012461303, 12.4787031011305
41.896012461303, 12.4787031011305
41.8959327565647, 12.4781763409196
41.8958658824261, 12.4771959888838
41.896322903627, 12.475556296277
41.8965086819651, 12.4742558972767
41.8967046444775, 12.4730018146265
41.8967438501209, 12.4729037190133
41.8967438501209, 12.4729037190133
41.8968597616825, 12.4726162138859
41.8972589511891, 12.4709002146309
41.8975188711254, 12.4697488731516
41.8977114036427, 12.4690250457061
41.8978365496622, 12.4687531835175
41.8978365496622, 12.4687531835175
41.8980846068535, 12.4683316175065
41.8989526060572, 12.4672277001707
41.8993398173924, 12.4667514043714
41.8993398173924, 12.4667514043714
41.9000670549266, 12.465824557094
