41.9282883333333, 12.50719
41.9278266666667, 12.5068216666667
41.9265233333333, 12.5056233333333
41.9252483333333, 12.5044083333333
41.9245366666667, 12.503635
41.9234333333333, 12.5025783333333
41.9232816666667, 12.5024
41.9232816666667, 12.5024
41.92304, 12.5021666666667
41.9221566666667, 12.5012816666667
41.92131, 12.5003666666667
41.9208283333333, 12.4999083333333
41.920815, 12.4999133333333
41.920815, 12.4999133333333
41.9206333333333, 12.4997883333333
41.9204133333333, 12.4996216666667
41.9204283333333, 12.4994483333333
41.9202466666667, 12.4992783333333
41.9202466666667, 12.4992783333333
41.9202466666667, 12.4992783333333
41.91983, 12.4987233333333
41.9192966666667, 12.4981116666667
41.9187316666667, 12.4975916666667
41.91867, 12.4975033333333
41.91836, 12.4973033333333
41.9174433333333, 12.4964333333333
41.9173333333333, 12.4963283333333
41.9173333333333, 12.4963283333333
41.9173333333333, 12.4963283333333
41.9172516666667, 12.4963166666667
41.9168483333333, 12.4968583333333
41.9159183333333, 12.4969816666667
41.9159183333333, 12.4969816666667
41.9151983333333, 12.4971766666667
41.9142083333333, 12.4974383333333
41.9130933333333, 12.4976366666667
41.9130966666667, 12.49764
41.913005, 12.4976333333333
41.912565, 12.49767
41.912265, 12.49772
41.912255, 12.497725
41.912255, 12.497725
41.912255, 12.497725
41.912255, 12.497725
41.91219, 12.49774
41.9114383333333, 12.4979983333333
41.9106316666667, 12.4981716666667
41.9105933333333, 12.4981666666667
41.9105933333333, 12.4981666666667
41.9105933333333, 12.4981666666667
41.9105933333333, 12.4981666666667
41.9105933333333, 12.4981666666667
41.9105083333333, 12.498265
41.9108783333333, 12.498855
41.9109716666667, 12.4986783333333
41.9109716666667, 12.4986783333333
41.9109716666667, 12.4986783333333
41.9109716666667, 12.4986783333333
41.9109716666667, 12.4986783333333
41.9109716666667, 12.4986783333333
41.9109716666667, 12.4986783333333
41.9109716666667, 12.4986783333333
41.9109716666667, 12.4986783333333
41.9109716666667, 12.4986783333333
41.9109716666667, 12.4986783333333
41.9109716666667, 12.4986783333333
41.9109716666667, 12.4986783333333
41.9109716666667, 12.4986783333333
41.9109716666667, 12.4986783333333
41.9109766666667, 12.4985533333333
41.9109766666667, 12.4985533333333
41.9109766666667, 12.4985533333333
41.9109716666667, 12.4984633333333
41.9109916666667, 12.4985
41.911005, 12.4984966666667
41.911005, 12.4984966666667
41.911005, 12.4984966666667
41.911005, 12.4984966666667
41.911005, 12.4984966666667
41.911005, 12.4984966666667
41.911005, 12.4984966666667
41.911005, 12.4984966666667
41.911005, 12.4984966666667
41.911005, 12.4984966666667
41.911005, 12.4984966666667
41.911005, 12.4984966666667
41.911005, 12.4984966666667
41.911005, 12.4984966666667
41.911005, 12.4984966666667
41.911005, 12.4984966666667
41.911005, 12.4984966666667
41.911005, 12.4984966666667
41.911005, 12.4984966666667
41.911005, 12.4984966666667
41.911005, 12.4984966666667
41.911005, 12.4984966666667
41.911005, 12.4984966666667
41.911005, 12.4984966666667
41.911005, 12.4984966666667
41.911005, 12.4984966666667
41.911005, 12.4984966666667
41.911005, 12.4984966666667
41.911005, 12.4984966666667
41.911005, 12.4984966666667
41.911005, 12.4984966666667
41.911005, 12.4984966666667
41.911005, 12.4984966666667
41.911005, 12.4984966666667
41.911005, 12.4984966666667
41.911005, 12.4984966666667
41.911005, 12.4984966666667
41.911005, 12.4984966666667
41.911005, 12.4984966666667
41.911005, 12.4984966666667
41.911005, 12.4984966666667
41.911005, 12.4984966666667
41.911005, 12.4984966666667
41.911005, 12.4984966666667
41.911005, 12.4984966666667
41.911005, 12.4984966666667
41.911005, 12.4984966666667
41.911005, 12.4984966666667
41.911005, 12.4984966666667
41.911005, 12.4984966666667
41.911005, 12.4984966666667
41.911005, 12.4984966666667
41.911005, 12.4984966666667
41.911005, 12.4984966666667
41.911005, 12.4984966666667
41.911005, 12.4984966666667
41.911005, 12.4984966666667
41.911005, 12.4984966666667
41.911005, 12.4984966666667
41.911005, 12.4984966666667
41.911005, 12.4984966666667
41.911005, 12.4984966666667
41.911005, 12.4984966666667
41.911005, 12.4984966666667
41.911005, 12.4984966666667
41.911005, 12.4984966666667
41.911005, 12.4984966666667
41.911005, 12.4984966666667
41.911005, 12.4984966666667
41.911005, 12.4984966666667
41.911005, 12.4984966666667
41.911005, 12.4984966666667
41.911005, 12.4984966666667
41.911005, 12.4984966666667
41.911005, 12.4984966666667
41.911005, 12.4984966666667
41.911005, 12.4984966666667
41.911005, 12.4984966666667
41.911005, 12.4984966666667
41.911005, 12.4984966666667
41.911005, 12.4984966666667
41.911005, 12.4984966666667
41.911005, 12.4984966666667
41.911005, 12.4984966666667
41.911005, 12.4984966666667
41.911005, 12.4984966666667
41.911005, 12.4984966666667
41.911005, 12.4984966666667
41.911005, 12.4984966666667
41.911005, 12.4984966666667
41.911005, 12.4984966666667
41.911005, 12.4984966666667
41.911005, 12.4984966666667
41.911005, 12.4984966666667
41.911005, 12.4984966666667
41.911005, 12.4984966666667
41.910965, 12.4984433333333
41.9109583333333, 12.49843
41.91088, 12.4988866666667
41.9110833333333, 12.4983866666667
41.9110716666667, 12.498275
41.9110716666667, 12.498275
41.9110416666667, 12.4980883333333
41.9110516666667, 12.4966566666667
41.91108, 12.4950666666667
41.911035, 12.4939183333333
41.9098533333333, 12.4899866666667
41.9098116666667, 12.4880833333333
41.9098216666667, 12.4880683333333
41.909175, 12.4878583333333
41.9079566666667, 12.48654
41.9064133333333, 12.48584
41.9053966666667, 12.4858616666667
41.90456, 12.4861516666667
