41.909945, 12.5077766666667
41.9096483333333, 12.50678
41.9094233333333, 12.5061716666667
41.9090316666667, 12.50544
41.9087533333333, 12.50485
41.9087533333333, 12.50485
41.9087533333333, 12.50485
41.9085566666667, 12.5046616666667
41.9083366666667, 12.503875
41.90859, 12.5027483333333
41.9091383333333, 12.50194
41.9096666666667, 12.5012633333333
41.9101866666667, 12.50032
41.9103483333333, 12.50002
41.910435, 12.4998733333333
41.910775, 12.4992583333333
41.9110683333333, 12.4987783333333
41.9110683333333, 12.4987783333333
41.9110166666667, 12.498525
41.9109983333333, 12.4985133333333
41.9109683333333, 12.4984233333333
41.9109716666667, 12.49844
41.910985, 12.4984466666667
41.9109933333333, 12.4984466666667
41.9109933333333, 12.4984466666667
41.9109933333333, 12.4984466666667
41.9109933333333, 12.4984466666667
41.9109933333333, 12.4984466666667
41.9109933333333, 12.4984466666667
41.9109933333333, 12.4984466666667
41.9109933333333, 12.4984466666667
41.9109933333333, 12.4984466666667
41.9109933333333, 12.4984466666667
41.9109933333333, 12.4984466666667
41.9109933333333, 12.4984466666667
41.9109933333333, 12.4984466666667
41.9109933333333, 12.4984466666667
41.9109933333333, 12.4984466666667
41.9109933333333, 12.4984466666667
41.9109933333333, 12.4984466666667
41.9108483333333, 12.49859
41.910815, 12.4988833333333
41.9108666666667, 12.49885
41.9111083333333, 12.4986283333333
41.9110883333333, 12.4986066666667
41.9110883333333, 12.4986066666667
41.9110883333333, 12.4986066666667
41.9110883333333, 12.4986066666667
41.9110883333333, 12.4986066666667
41.9110666666667, 12.4982466666667
41.9104283333333, 12.4981733333333
41.9097066666667, 12.498295
41.9088666666667, 12.4984516666667
41.9079366666667, 12.4986716666667
41.90766, 12.4986766666667
41.90766, 12.4986766666667
41.9075066666667, 12.49866
41.9071316666667, 12.4981533333333
41.9064016666667, 12.49709
41.9055766666667, 12.4958733333333
41.9055766666667, 12.4958733333333
41.9055766666667, 12.4958733333333
41.9055766666667, 12.4958733333333
41.9055766666667, 12.4958733333333
41.9055766666667, 12.4958733333333
41.9055766666667, 12.4958733333333
41.905345, 12.4956883333333
41.9048183333333, 12.4949566666667
41.9047033333333, 12.4946233333333
41.9046816666667, 12.49458
41.9045733333333, 12.4944283333333
41.904435, 12.4942816666667
41.9042816666667, 12.49438
41.9042283333333, 12.494525
41.9040583333333, 12.4947666666667
41.9038316666667, 12.494955
41.9036866666667, 12.4952016666667
41.9034316666667, 12.4955133333333
41.9029416666667, 12.495905
41.902465, 12.49641
41.902225, 12.4968283333333
41.9019766666667, 12.4971116666667
41.90156, 12.497525
41.9011916666667, 12.4973133333333
41.9007633333333, 12.49708
41.90044, 12.49781
41.9001233333333, 12.4983616666667
41.90006, 12.498395
41.8999716666667, 12.4984616666667
41.8994066666667, 12.4980883333333
41.8994066666667, 12.4980883333333
41.8994066666667, 12.4980883333333
41.8992133333333, 12.49793
41.899005, 12.4977416666667
41.8989983333333, 12.4977516666667
41.8989983333333, 12.4977516666667
41.8989983333333, 12.4977516666667
41.8989983333333, 12.4977516666667
41.8989366666667, 12.49773
41.89857, 12.4973633333333
41.8980766666667, 12.49707
41.897665, 12.49752
41.8972033333333, 12.4981766666667
41.89701, 12.4983633333333
41.896965, 12.4989016666667
41.896605, 12.49932
41.8960566666667, 12.49963
41.8958316666667, 12.499805
41.8953933333333, 12.4999716666667
41.895355, 12.500025
41.8950916666667, 12.4999233333333
41.8950566666667, 12.4991616666667
41.8951283333333, 12.4985816666667
41.8950766666667, 12.49786
41.8950133333333, 12.4969983333333
41.8947633333333, 12.4965683333333
41.8946933333333, 12.4961166666667
41.8946616666667, 12.4955683333333
41.8947316666667, 12.495425
41.8947616666667, 12.49504
41.89473, 12.4942316666667
41.89486, 12.49411
41.894855, 12.4941116666667
41.894855, 12.4941116666667
41.894855, 12.4941116666667
41.89487, 12.49409
41.8948266666667, 12.49364
41.8947716666667, 12.4933883333333
41.894785, 12.4933666666667
41.8947233333333, 12.4932
41.8945766666667, 12.49288
41.8945433333333, 12.49274
41.89447, 12.49245
41.89442, 12.49216
41.8943033333333, 12.4916433333333
