41.9034144510975, 12.4875990861294
41.9030797197112, 12.4861909697349
41.903045281828, 12.4860765006638
41.903134278714, 12.4852159528352
41.9038489809256, 12.4846854046738
41.9038489809256, 12.4846854046738
41.9040577663528, 12.484433298172
41.9048468077833, 12.4834811243143
41.9051847397437, 12.4827325296063
41.9059077242562, 12.4821240726587
41.9054650916432, 12.481037215074
41.9049402522337, 12.4798431037736
41.9047235365023, 12.479044455537
41.9046423409365, 12.4787141632827
41.904120330961, 12.4775408411178
41.9036865523794, 12.4763628250499
41.9032171058125, 12.4752807899294
41.9031256580962, 12.4748459751014
41.9030656976231, 12.4747089215359
41.9029723038058, 12.4741458283778
41.9026162737547, 12.4733325276929
41.9026162737547, 12.4733325276929
41.9026162737547, 12.4733325276929
41.9026162737547, 12.4733325276929
41.9026162737547, 12.4733325276929
41.9026162737547, 12.4733325276929
41.9026162737547, 12.4733325276929
41.9026162737547, 12.4733325276929
41.9026162737547, 12.4733325276929
41.9026162737547, 12.4733325276929
41.9024389881573, 12.4726393073356
41.9021033318649, 12.4717870663637
41.9021033318649, 12.4717870663637
41.9021033318649, 12.4717870663637
41.9021033318649, 12.4717870663637
41.9021033318649, 12.4717870663637
41.901986408494, 12.4716916704376
41.9012256635234, 12.4720137026705
41.9012256635234, 12.4720137026705
41.9010195036425, 12.4721845085965
41.9010195036425, 12.4721845085965
41.9010195036425, 12.4721845085965
41.9010195036425, 12.4721845085965
41.9010195036425, 12.4721845085965
41.9010195036425, 12.4721845085965
41.9010195036425, 12.4721845085965
41.9010195036425, 12.4721845085965
41.9010195036425, 12.4721845085965
41.9010195036425, 12.4721845085965
41.9010195036425, 12.4721845085965
41.9009373848465, 12.4722586386327
41.900881217043, 12.4724213472577
41.900881217043, 12.4724213472577
41.900881217043, 12.4724213472577
41.900881217043, 12.4724213472577
41.900881217043, 12.4724213472577
41.900881217043, 12.4724213472577
41.9006998412765, 12.4726596995463
41.9006502289741, 12.4726889188304
41.900468961814, 12.4727279354433
41.9004475894357, 12.4727094563113
41.900452855878, 12.4728204795839
41.9004311783623, 12.4727481303502
41.9004253959309, 12.4727111542648
41.9004725985203, 12.4726734282892
41.9004725985203, 12.4726734282892
41.9004725985203, 12.4726734282892
41.9004725985203, 12.4726734282892
41.9004725985203, 12.4726734282892
41.9004725985203, 12.4726734282892
41.9004725985203, 12.4726734282892
41.9004725985203, 12.4726734282892
41.9004725985203, 12.4726734282892
41.9004725985203, 12.4726734282892
41.9004725985203, 12.4726734282892
41.9004725985203, 12.4726734282892
41.9004725985203, 12.4726734282892
41.9004725985203, 12.4726734282892
41.9004725985203, 12.4726734282892
41.9004725985203, 12.4726734282892
41.9004725985203, 12.4726734282892
41.9004725985203, 12.4726734282892
41.9004725985203, 12.4726734282892
41.9004725985203, 12.4726734282892
41.9004426672948, 12.4727018528364
41.9003574884284, 12.4727329523762
41.9003574884284, 12.4727329523762
41.9003574884284, 12.4727329523762
41.9003574884284, 12.4727329523762
41.9003574884284, 12.4727329523762
41.9003574884284, 12.4727329523762
41.9003574884284, 12.4727329523762
41.9003574884284, 12.4727329523762
41.9003574884284, 12.4727329523762
41.9003574884284, 12.4727329523762
41.9003574884284, 12.4727329523762
41.9003574884284, 12.4727329523762
41.9004723859026, 12.4727977121782
41.9003365739413, 12.4737343524206
41.8999897319208, 12.4744357883566
41.9004273891939, 12.4749338113553
41.9005422270215, 12.4753059640336
41.9005342208784, 12.4758712843071
41.9005694197619, 12.4765374247167
41.900460013249, 12.4766551013624
41.9004217675232, 12.4769643925753
41.9002918874733, 12.4773519483822
41.9001819161685, 12.477084482624
41.900063451281, 12.4763836256072
41.8999869256192, 12.4760965263573
41.8999862460678, 12.4760979821644
41.8999113456677, 12.4761257711524
41.8998674675486, 12.4761639629696
41.8998336726137, 12.4761864073104
41.8997785361628, 12.4761342359078
41.8998382398851, 12.4758930533883
41.9000112959629, 12.4749995583667
41.9004785306258, 12.4747654982525
41.9003574884284, 12.4727329523762
41.9005930285282, 12.4741875347619
41.9003574884284, 12.4727329523762
41.9004730322222, 12.473813765445
41.8994354769653, 12.4738508346264
41.8981940854309, 12.4740455557893
41.8969294009401, 12.4742413134733
41.8966789571906, 12.4742547399502
41.8966789571906, 12.4742547399502
41.896415131132, 12.4735117136986
41.8966041162827, 12.4730783175838
41.8968589588267, 12.4726157599615
41.8973138335817, 12.470638120573
41.8977386035292, 12.4692227884534
41.8983039756963, 12.4682574223541
