41.9055751253089, 12.4656756055456
41.9055751253089, 12.4656756055456
41.9056562953754, 12.465839039485
41.9056584292299, 12.4658686418387
41.9056584292299, 12.4658686418387
41.9056584292299, 12.4658686418387
41.9056252017879, 12.4661015021812
41.9056252017879, 12.4661015021812
41.9055161827841, 12.4670237334557
41.9055161827841, 12.4670237334557
41.9055161827841, 12.4670237334557
41.9053682132272, 12.4683700836245
41.9054311865366, 12.4687275507712
41.9056854766294, 12.4694036091828
41.9060551714743, 12.4693819444583
41.9069367687965, 12.4688231402022
41.9077827797252, 12.4683024002169
41.9083135803383, 12.4679429661771
41.9083135803383, 12.4679429661771
41.9083135803383, 12.4679429661771
41.9083135803383, 12.4679429661771
41.9085289378898, 12.4678269089448
41.9089720272278, 12.4675752177067
41.909372640842, 12.4673236430617
41.9098296810818, 12.4670336891844
41.9108167001654, 12.4664309813217
41.9113986294679, 12.4661025757534
41.9121454615754, 12.4656944129652
41.9126013331533, 12.4654370797958
41.9127439256079, 12.4653579998945
41.9127439256079, 12.4653579998945
41.9127439256079, 12.4653579998945
41.9127439256079, 12.4653579998945
41.9127439256079, 12.4653579998945
41.9127795326636, 12.4653436982489
41.9135969617404, 12.4648233483063
41.9139998852641, 12.4645381728588
41.9141523469651, 12.4644739640433
41.9146077423377, 12.4641816260445
41.9153819421829, 12.4637499265308
41.9158078569044, 12.4639898132371
41.9163108495891, 12.4633579918333
41.9161806580499, 12.4630306264065
41.9160029437615, 12.4628645323943
41.9157427398359, 12.4629450220535
41.9157427398359, 12.4629450220535
41.9157427398359, 12.4629450220535
41.9157290762014, 12.4629806284093
41.9157290762014, 12.4629806284093
41.9157290762014, 12.4629806284093
41.9157290762014, 12.4629806284093
41.9157290762014, 12.4629806284093
41.9157290762014, 12.4629806284093
41.9157290762014, 12.4629806284093
41.9157290762014, 12.4629806284093
41.9157290762014, 12.4629806284093
41.9157290762014, 12.4629806284093
41.9157290762014, 12.4629806284093
41.9157290762014, 12.4629806284093
41.9157290762014, 12.4629806284093
41.9157290762014, 12.4629806284093
41.9157290762014, 12.4629806284093
41.9157290762014, 12.4629806284093
41.9157290762014, 12.4629806284093
41.9157290762014, 12.4629806284093
41.9157290762014, 12.4629806284093
41.9157290762014, 12.4629806284093
41.9157290762014, 12.4629806284093
41.9157290762014, 12.4629806284093
41.9157290762014, 12.4629806284093
41.9157290762014, 12.4629806284093
41.9157290762014, 12.4629806284093
41.9157064899547, 12.462980276614
41.9155889686455, 12.4630177871968
41.9155889686455, 12.4630177871968
41.9155889686455, 12.4630177871968
41.9156117463254, 12.4629733154201
41.9156015886701, 12.4629681344125
41.9155687263476, 12.4629347258889
41.9155499990535, 12.4629625861842
41.9155558866842, 12.4628807829725
41.9155584190865, 12.4628497608145
41.9154493893776, 12.4632236830435
41.9154495453725, 12.4632720022553
41.915506147229, 12.4631783749112
41.9155479842637, 12.4631311532195
41.9154967757895, 12.4631583105171
41.9155006690476, 12.4631996189029
41.9155299624331, 12.4632617698037
41.915518514477, 12.4633102826083
41.9154749720594, 12.4633230910053
41.9155269683479, 12.4632894806166
41.9156378934857, 12.4632453118474
41.9156259549879, 12.4632206338351
41.9156178529633, 12.4632470454264
41.9155717033096, 12.4633363591821
41.915496451822, 12.4633484658706
41.915446980171, 12.4633295061284
41.915440405327, 12.4632692670801
41.9154317719898, 12.4632641526734
41.9154334704328, 12.4633039636804
41.915450899666, 12.4633020169247
41.9154369081899, 12.4633639405803
41.9154540742487, 12.4634149398718
41.9154400584815, 12.4633952288863
41.9154192662907, 12.4633570488078
41.9154150588861, 12.463354254528
41.915432324483, 12.4633204104416
41.9154734345477, 12.4632968010268
41.9155133841945, 12.4632640316847
41.9155335769159, 12.4631928733489
41.9155335769159, 12.4631928733488
41.9155335769159, 12.4631928733488
41.9155335769159, 12.4631928733488
41.9155335769159, 12.4631928733488
41.9155335769159, 12.4631928733488
41.9155335769159, 12.4631928733488
41.9155335769159, 12.4631928733488
41.9155335769159, 12.4631928733488
41.9155335769159, 12.4631928733488
41.9155335769159, 12.4631928733488
41.9155335769159, 12.4631928733488
41.9155335769159, 12.4631928733488
41.9155335769159, 12.4631928733488
41.9155335769159, 12.4631928733488
41.9155335769159, 12.4631928733488
41.9155335769159, 12.4631928733488
41.9155335769159, 12.4631928733488
41.9155335769159, 12.4631928733488
41.9155335769159, 12.4631928733488
41.9155335769159, 12.4631928733488
41.9155335769159, 12.4631928733488
41.9155335769159, 12.4631928733488
41.9155318455925, 12.4631922239928
41.9154966142864, 12.4632020410934
41.9154949300561, 12.4632017895376
41.9154908448226, 12.4632275602246
41.9154669592362, 12.463228330138
41.9154500395758, 12.4634017889916
41.9154631052436, 12.4634301369799
41.9155259633499, 12.4634731300908
41.9155222488128, 12.4634495416169
41.915483590295, 12.4633947865842
41.9154775790186, 12.4634071448464
41.9154775790186, 12.4634071448464
41.9154775790186, 12.4634071448464
41.9154775790186, 12.4634071448464
41.9154775790186, 12.4634071448464
41.9154775790186, 12.4634071448464
41.9154775790186, 12.4634071448464
41.9154775790186, 12.4634071448464
41.9154775790186, 12.4634071448464
41.9154775790186, 12.4634071448464
41.9154775790186, 12.4634071448464
41.9154775790186, 12.4634071448464
41.9154775790186, 12.4634071448464
41.9154775790186, 12.4634071448464
41.9154775790186, 12.4634071448464
41.9154775790186, 12.4634071448464
41.9155363353435, 12.4636236886564
41.91553635368, 12.4636236984333
41.91553635368, 12.4636236984333
41.91553635368, 12.4636236984333
41.91553635368, 12.4636236984333
41.91553635368, 12.4636236984333
41.9155353578497, 12.4636197179253
41.9155557967167, 12.4635874354562
41.9155756556152, 12.463563856712
41.9155873822719, 12.4635834511217
41.9155820407699, 12.4635748911596
41.915574950125, 12.463599136159
41.9155896587093, 12.4635630419859
41.9155907309587, 12.4635614201235
41.915613407836, 12.4636265417506
41.9155885910978, 12.4637127931547
41.9155999569966, 12.4637690394833
41.9155959342165, 12.4638004415735
41.915567964095, 12.4637651002976
41.9155571886041, 12.4637522088619
41.9156045096464, 12.46377132584
41.9156282513274, 12.4637386011888
41.9156050669622, 12.4637473663531
41.9155863956546, 12.4637762937536
41.9155891380967, 12.4637433778561
41.9155538492356, 12.4637579990491
41.9155623333455, 12.4637851656117
41.9155706867677, 12.4637943215927
41.9155605342269, 12.4637771873315
41.9155478102356, 12.463777764029
41.915566714597, 12.4637955213488
41.9155857689493, 12.4637910986808
41.9155897135301, 12.4637843461395
41.915716478206, 12.4640118786968
41.9161863347857, 12.4639166041896
41.916186376441, 12.4630218602435
41.9157659939783, 12.4628909835096
41.9153905391432, 12.4630751752869
41.9153905391432, 12.4630751752869
41.9152404139199, 12.4631462070968
41.9152404139199, 12.4631462070968
41.9141791274219, 12.4625231140862
41.9138876780488, 12.4624941952901
41.9138876780488, 12.4624941952901
41.9138876780488, 12.4624941952901
41.9138876780488, 12.4624941952901
41.91376122919, 12.4625220268713
41.9135797179127, 12.4625846777832
41.9135797179127, 12.4625846777832
41.9129418832183, 12.4629267522635
41.9129418832183, 12.4629267522635
41.9129394586779, 12.4629264286366
41.9129394586779, 12.4629264286366
41.9129394586779, 12.4629264286366
41.9129394586779, 12.4629264286366
41.9129394586779, 12.4629264286366
41.9129394586779, 12.4629264286366
41.9129394586779, 12.4629264286366
41.9129394586779, 12.4629264286366
41.9127463762232, 12.4629837269441
41.9122170664495, 12.462556706474
41.9119552324347, 12.4612316894877
41.9119500304501, 12.4612031254086
41.9119500304501, 12.4612031254086
41.911912251304, 12.4610869267869
41.9117369276039, 12.4605865387183
41.911470046712, 12.459504409
41.9113608184819, 12.458899875264
41.9112507846888, 12.4584339569755
41.9109685987156, 12.4573323665676
41.9107853352628, 12.456613534443
41.910736261459, 12.4564802105075
41.910736261459, 12.4564802105075
41.910736261459, 12.4564802105075
41.910726497829, 12.4564780875537
41.9105719153665, 12.4558155421978
41.9104726942969, 12.4552173718839
41.9104725724983, 12.4551473567376
41.9104725724983, 12.4551473567376
41.9104725724983, 12.4551473567376
41.9104725724983, 12.4551473567376
41.9104725724983, 12.4551473567376
41.9104725724983, 12.4551473567376
41.9103734785518, 12.4545963066457
41.9101549148306, 12.4536987024101
41.9099405043173, 12.4529507916959
41.9097363521464, 12.4521893063987
41.9094420520434, 12.4507889666102
41.9093812287336, 12.4504889603574
41.9093812287336, 12.4504889603574
41.9093456907682, 12.4504719963144
41.9091380650936, 12.4496945075535
41.9093311642577, 12.4489513866063
41.9097338359011, 12.448110996429
41.909781008928, 12.4479939751483
41.9097880796552, 12.4479438663257
41.9098067641716, 12.4478597399294
41.909869630655, 12.4476773359792
41.909869630655, 12.4476773359792
41.909869630655, 12.4476773359792
41.909869630655, 12.4476773359792
41.9099665595059, 12.4475910981446
41.9101072585425, 12.4472818560998
41.9101704629041, 12.4470178416511
41.9102219529457, 12.4468712687355
