41.9024332172471, 12.4963615571669
41.9018960839989, 12.4972933519673
41.9017979764558, 12.4981703986622
41.9018219177096, 12.4982313810025
41.9023914007817, 12.4993188183563
41.9030142316562, 12.500460257306
41.9021427829361, 12.5012004570245
41.9019151175063, 12.5013600729621
41.9019151175063, 12.5013600729621
41.9019151175063, 12.5013600729621
41.9019151175063, 12.5013600729621
41.9018965531117, 12.5013818008513
41.9016244256301, 12.5014781151832
41.9016244256301, 12.5014781151832
41.9016244256301, 12.5014781151832
41.9012743987391, 12.5010140819931
41.9009058477049, 12.5006333387463
41.9009058477049, 12.5006333387463
41.9009058477049, 12.5006333387463
41.9007074381288, 12.5004715104853
41.900919425363, 12.4996786050082
41.9016788691622, 12.4988393999095
41.9024565749965, 12.4975992345777
41.9029140481618, 12.4964797380555
41.9024907707337, 12.4957040766297
41.9021695241114, 12.4953543467142
41.9021695241114, 12.4953543467142
41.9021839741348, 12.4951772957325
41.9014383392005, 12.4942373803316
41.9005656156639, 12.4929054071481
41.8997946172605, 12.4917527932441
41.8991959112887, 12.4907915698494
41.8983698957672, 12.4895590765598
41.897331569687, 12.4879969124095
41.8964024705598, 12.4865219311488
41.8965224280415, 12.485407887025
41.8972783044864, 12.4848262307389
41.8969438197731, 12.483359236055
41.8967739603746, 12.4824337409865
41.8965386622487, 12.4813324784935
41.8961581165344, 12.4795032710249
41.8959603653561, 12.4777187780463
41.8960310516983, 12.4765844467671
41.8959084749701, 12.4764997844247
41.8959084749701, 12.4764997844247
41.8959084749701, 12.4764997844247
41.8959084749701, 12.4764997844247
41.8959084749701, 12.4764997844247
41.8959084749701, 12.4764997844247
41.8959084749701, 12.4764997844247
41.8959084749701, 12.4764997844247
41.8959084749701, 12.4764997844247
41.8959084749701, 12.4764997844247
41.8959084749701, 12.4764997844247
41.8959084749701, 12.4764997844247
41.8959084749701, 12.4764997844247
41.8959084749701, 12.4764997844247
41.8959084749701, 12.4764997844247
41.8959084749701, 12.4764997844247
41.8959084749701, 12.4764997844247
41.8959084749701, 12.4764997844247
41.8959084749701, 12.4764997844247
41.8959084749701, 12.4764997844247
41.8959014647062, 12.4765616807255
41.8958848521016, 12.4766007312009
41.8958395771118, 12.4766056887348
41.895853311396, 12.4766029970489
41.895874902834, 12.4765887643751
41.895926376855, 12.4765706689685
41.8959071013485, 12.476599084311
41.8958990549838, 12.4766081090172
41.8958770321495, 12.4765822815074
41.8958872408108, 12.4765477119491
41.8958615152411, 12.4765923073185
41.8958320232278, 12.4765677883023
41.8958859709452, 12.4765649708123
41.8958675080651, 12.4765345316714
41.8958600527555, 12.476618121453
41.895873430258, 12.4765995113695
41.8958916654862, 12.4764869489973
41.8959111222375, 12.4765248679034
41.8959273558826, 12.4765010783827
41.8958672888662, 12.4765131935919
41.8959192861574, 12.4764368195814
41.8959104175763, 12.476464786811
41.8959047162606, 12.47647426549
41.8959055055488, 12.4765737307663
41.895904422508, 12.4765297541743
41.8959344540365, 12.4765035518548
41.8959154597132, 12.4765310050589
41.8959232129472, 12.476524035329
41.8959505759494, 12.4765355392965
41.8959825334289, 12.4765005376114
41.8958765420155, 12.4765308028925
41.8958845208614, 12.4765667934664
41.8958402623216, 12.4765251239092
41.8958847522566, 12.4765348375037
41.895891517334, 12.4765059675752
41.8958985809585, 12.4765548247882
41.895867679634, 12.4765785193195
41.8958769887096, 12.4765461141536
41.8959070383659, 12.4765626091964
41.8958834855923, 12.4765268816133
41.8959387796711, 12.4765133269932
41.8959467126303, 12.4765277267802
41.895893910019, 12.4765032886395
41.8958433976944, 12.4765182584596
41.8958658028659, 12.4764802557329
41.8958920926294, 12.4765587048696
41.8958659933144, 12.4765827263122
41.8958998139457, 12.4765667568896
41.8959458676159, 12.476561186012
41.8959220167567, 12.476593430055
41.895866871495, 12.4765681890126
41.8958334870729, 12.4765648538992
41.8958572803578, 12.4765319044461
41.895838634986, 12.4766367718312
41.8958224906408, 12.4765632858853
41.8958741496147, 12.4765713083858
41.8958703609851, 12.4765332981347
41.8958881007584, 12.4765717983136
41.8958691717649, 12.4765740348013
41.8958907090219, 12.476566815806
41.8958694685705, 12.4765631648398
41.8958693424344, 12.4765234857378
41.895823788103, 12.4764296060635
41.8958320542108, 12.4764557761694
41.8958871193744, 12.4764974347335
41.8958819155644, 12.4764887362564
41.8958914565083, 12.4765670661967
41.8958834204306, 12.4766075094931
41.8959052832488, 12.4766457781664
41.8958849621934, 12.4766406294984
41.8959054252598, 12.4766740990175
41.8958830236315, 12.476625710041
41.8958806204661, 12.4766239348482
41.8958705215807, 12.4766863861092
41.8958740829407, 12.4766850591541
41.8958953726519, 12.4767206650969
41.8958460037963, 12.4766572005088
41.8959184475774, 12.4766909664583
41.895835663135, 12.4766820372347
41.8957748540104, 12.4766557606844
41.8958829682034, 12.4766225779024
41.8958767067793, 12.4766329341483
41.895900873012, 12.4766333049847
41.8959498100985, 12.4766384658824
41.8958966087611, 12.4767044721058
41.8958622204344, 12.4766958406251
41.8958732833655, 12.4767597531499
41.8958664444086, 12.4767901939583
41.8958911089453, 12.4767786396428
41.8958862295175, 12.4767348386593
41.8958484367295, 12.4767019491563
41.8958412360741, 12.4766656805786
41.895879177451, 12.4766740434536
41.8959169267806, 12.4767145889646
41.8959048320821, 12.4766836450263
41.8958942363212, 12.476645547025
41.8958807671198, 12.4765956321698
41.8958601286761, 12.4765631044061
41.8958997329815, 12.4765902610976
41.8958698180131, 12.4766065086659
41.8959146158521, 12.4767066635542
41.8959017479536, 12.4766844701926
41.8958547701987, 12.4766355272237
41.8958556414124, 12.4766369844152
41.8958595929259, 12.4766489122889
41.8958814446222, 12.476623784088
41.8958786433225, 12.476568482162
41.8959087644815, 12.4766590214668
41.8958710553756, 12.4766338820408
41.8958839642764, 12.4766989909577
41.8958526585389, 12.4766620474775
41.8958596443813, 12.4766724704973
41.8958744137375, 12.4766239333104
41.8958849611836, 12.476638776243
41.8958899025909, 12.4766528097943
41.8958721182201, 12.4766368921733
41.895851264019, 12.4766036804057
41.8958549520947, 12.4766554307607
41.8958740331767, 12.476643420013
41.8958752998642, 12.4765888645146
41.8958484847703, 12.4765479078191
41.8958426923086, 12.47659096816
41.895906852296, 12.4766149090369
41.8958801772044, 12.4766285366595
41.8959207249524, 12.4766813099033
41.8959398567839, 12.4766373150539
41.895892374568, 12.4766943376805
41.8959000328305, 12.4766056770354
41.895865289436, 12.4766445037677
41.895865289436, 12.4766445037677
41.8958894699349, 12.4766478577427
41.8959073217133, 12.476764819362
41.8960746867905, 12.4768770442525
41.8964863368852, 12.4752412052281
41.8966476200186, 12.473585302211
