41.8992081910786, 12.4436655651187
41.9006265859469, 12.4447463691076
41.9017804127488, 12.4457969297406
41.9023987411573, 12.4465587831314
41.9023987411573, 12.4465587831314
41.9023987411573, 12.4465587831314
41.9038739319152, 12.4483727437776
41.9051785610861, 12.4491048301682
41.9063375670033, 12.4504039012872
41.9066176048951, 12.4521402765092
41.9072032966756, 12.4543537972055
41.9074556925916, 12.4553660350637
41.9074556925916, 12.4553660350637
41.9074556925916, 12.4553660350637
41.9074618894974, 12.4554129933879
41.9066024456429, 12.4558049571104
41.9060318092788, 12.4572889344336
41.9058180405779, 12.4587437419827
41.9065318164415, 12.4587926566965
41.9065354176906, 12.4587602979287
41.9065354176906, 12.4587602979287
41.9065354176906, 12.4587602979287
41.9065354176906, 12.4587602979287
41.9065354176906, 12.4587602979287
41.9065354176906, 12.4587602979287
41.9065354176906, 12.4587602979287
41.9065354176906, 12.4587602979287
41.9065354176906, 12.4587602979287
41.9064925123248, 12.4585449596871
41.9064925123248, 12.4585449596871
41.9064925123248, 12.4585449596871
41.9064973445159, 12.4584755478073
41.9064973445159, 12.4584755478073
41.9064973445159, 12.4584755478073
41.9064973445159, 12.4584755478073
41.9064973445159, 12.4584755478073
41.9064973445159, 12.4584755478073
41.9064973445159, 12.4584755478073
41.9064973445159, 12.4584755478073
41.906435910166, 12.4584805914362
41.9064325486893, 12.458471297832
41.9064894631012, 12.4584042401967
41.9065472646686, 12.4585025727143
41.9065293276397, 12.4585675903223
41.9065119546636, 12.4585253505654
41.9065178165585, 12.4584135969222
41.9066027891562, 12.4584364090599
41.9066218494938, 12.4584296214958
41.9066238414837, 12.4584415183483
41.9066238399304, 12.4584415836727
41.9066238399304, 12.4584415836727
41.9066238399304, 12.4584415836727
41.9066238399304, 12.4584415836727
41.9066238399304, 12.4584415836727
41.9066238399304, 12.4584415836727
41.9066238399304, 12.4584415836727
41.9066238399304, 12.4584415836727
41.9066238399304, 12.4584415836727
41.9066238399304, 12.4584415836727
41.9066238399304, 12.4584415836727
41.9066238399304, 12.4584415836727
41.9066238399304, 12.4584415836727
41.9066238399304, 12.4584415836727
41.9066238399304, 12.4584415836727
41.9065555925822, 12.4584956681189
41.9064081815268, 12.4584780174247
41.9063807445444, 12.4585068280529
41.9064684696115, 12.4584594973248
41.9065203951379, 12.4584289784214
41.9065147284673, 12.4584381688655
41.9065378261952, 12.4584091168753
41.9065378261952, 12.4584091168753
41.9065589910733, 12.4583217559565
41.9065721191481, 12.4583243756514
41.9065721196307, 12.458324376138
41.9065721196307, 12.458324376138
41.9065721196307, 12.458324376138
41.9065721196307, 12.458324376138
41.9065721196307, 12.458324376138
41.9065721196307, 12.458324376138
41.9065721196307, 12.458324376138
41.9065721196307, 12.458324376138
41.9065721196307, 12.458324376138
41.9065721196307, 12.458324376138
41.9065721196307, 12.458324376138
41.9065721196307, 12.458324376138
41.9065721196307, 12.458324376138
41.9065721196307, 12.458324376138
41.9065721196307, 12.458324376138
41.9065496873428, 12.4571754557209
41.9061143214017, 12.4569390713006
41.9065721196307, 12.458324376138
41.9057011878646, 12.4589854678836
41.9050124339975, 12.4609069992895
41.9043731050236, 12.4626203266988
41.9041559573878, 12.463146905461
41.9034202639166, 12.4642845042109
41.9023556403894, 12.4641532651607
41.9023352210792, 12.4631246592695
41.9023352210792, 12.4631246592695
41.9023352210792, 12.4631246592695
41.9023352210792, 12.4631246592695
41.9023352210792, 12.4631246592695
41.9023352210792, 12.4631246592695
41.9023352210792, 12.4631246592695
41.9023352210792, 12.4631246592695
41.9023532659745, 12.462862790937
41.902264241329, 12.4614171901477
41.9022471099679, 12.4606248414024
41.9022346910915, 12.4599739332755
41.9022346910915, 12.4599739332755
41.9022346910915, 12.4599739332755
41.9022346910915, 12.4599739332755
41.9022346910915, 12.4599739332755
41.9022346910915, 12.4599739332755
41.9022346910915, 12.4599739332755
41.9022341936776, 12.4597044515887
41.9024865105769, 12.4584350687899
41.9032151682003, 12.4585596958542
41.9044241018323, 12.4587977962334
41.9056196747624, 12.4588962668583
41.9059969351259, 12.4597559887764
41.9058649557087, 12.4616618851536
