41.9178792078807, 12.4915136861122
41.9178792078807, 12.4915136861122
41.9178733051796, 12.4916115906919
41.9178733051796, 12.4916115906919
41.9178733051796, 12.4916115906919
41.9178733051796, 12.4916115906919
41.9178733051796, 12.4916115906919
41.9178733051796, 12.4916115906919
41.9178733051796, 12.4916115906919
41.9178733051796, 12.4916115906919
41.9178255319056, 12.4915617868929
41.9178255319056, 12.4915617868929
41.9178255319056, 12.4915617868929
41.9178255319056, 12.4915617868929
41.9178255319056, 12.4915617868929
41.9178255319056, 12.4915617868929
41.9178255319056, 12.4915617868929
41.9178255319056, 12.4915617868929
41.9178255319056, 12.4915617868929
41.917861449961, 12.4915006345243
41.9178750431386, 12.4914927588964
41.9178410958243, 12.49158416586
41.9178901010418, 12.4915951446187
41.9178543759667, 12.4916050796174
41.9178401164051, 12.491528704692
41.917815895086, 12.4915034365452
41.9178244555483, 12.4914859022848
41.9178461951744, 12.4915184117692
41.9178060564171, 12.4915710482252
41.9178157411026, 12.4915165440721
41.9178380708791, 12.4914677846155
41.9178157325305, 12.491367616893
41.9177911419344, 12.4914263917276
41.9178074797624, 12.4914517173222
41.9178478920954, 12.4915905978528
41.9179206144058, 12.4916287665066
41.9179454729866, 12.4916435174334
41.9179398986235, 12.4915781608525
41.9179333794798, 12.491584825281
41.9179350083044, 12.4915788211641
41.9178598610199, 12.4916354542791
41.9178197120283, 12.4915337112441
41.9178427296928, 12.4916161111132
41.9178303929794, 12.4915474929974
41.9178197642888, 12.4915839903024
41.9178768185542, 12.4915708046616
41.9179027675899, 12.4915103317953
41.9178667128896, 12.4914562531345
41.917865342447, 12.4914938217075
41.9178534528876, 12.4915704119223
41.9178458306707, 12.4916664853637
41.9178355618106, 12.4916015456591
41.9178212604219, 12.4915799528559
41.9178143849431, 12.4916413049756
41.9178237295628, 12.4916862118663
41.9177869697176, 12.4916348250185
41.9178140783012, 12.4915875471494
41.9179002879768, 12.4915297289233
41.9178771920489, 12.4915961044728
41.9179143724607, 12.4915011891826
41.9178771979584, 12.4914733672776
41.9178773925341, 12.4914359094657
41.9179002834522, 12.4914301196971
41.9179024682931, 12.4914403975323
41.9178686074897, 12.4915824565118
41.9178536750983, 12.4916190968017
41.9178113454877, 12.491620559396
41.9177757466519, 12.4916409962869
41.917807662313, 12.4915276130969
41.9178298627744, 12.4915293135503
41.9178340600731, 12.4915151135056
41.9178171352962, 12.4915050720507
41.917820693252, 12.4914748324783
41.9178326466074, 12.4914882176352
41.9177977978859, 12.4916193625871
41.9178242179735, 12.4916173858225
41.9178170375091, 12.4916073232586
41.9178300800361, 12.4916413241707
41.9177999014878, 12.4915918065893
41.91779187754, 12.4915503989093
41.9178237449649, 12.4915392277937
41.9178929343845, 12.4916596972693
41.9178705234372, 12.491569845829
41.9179012407812, 12.4916133911803
41.9178820523158, 12.4916861121908
41.9178860773939, 12.4915577014088
41.9178572664158, 12.4915431393796
41.9178754404843, 12.4914714841396
41.9179035854433, 12.4914862736126
41.9178910714335, 12.4915634710693
41.9178592927723, 12.4915831817513
41.9178435483938, 12.4915930353287
41.9178423499911, 12.4916017723511
41.9178458968488, 12.4915527574544
41.9178757541246, 12.491524298609
41.9178336263558, 12.4915497899426
41.9177883555145, 12.4915852352256
41.917927849999, 12.4915937139015
41.9179015177582, 12.4915970017345
41.9178707500999, 12.4915550375206
41.9179050896238, 12.4915288956671
41.9179055314361, 12.4915369901445
41.9178359369225, 12.4915930470822
41.9178054318099, 12.4916280402594
41.9177700044259, 12.4915035310962
41.9177542488212, 12.4914463761002
41.9177933347264, 12.4914979017843
41.9177933347264, 12.4914979017843
41.9177933347264, 12.4914979017843
41.9177933347264, 12.4914979017843
41.9177933347264, 12.4914979017843
41.9177823375853, 12.4914982789956
41.9177823367707, 12.491498279017
41.9177823367707, 12.491498279017
41.9177758998974, 12.4915065616799
41.9178188361752, 12.4915851620492
41.9178059858156, 12.4916153003918
41.9178104971168, 12.4915726316126
41.9177675359056, 12.4914785918982
41.9177045703528, 12.4915234578451
41.9177045708779, 12.4915234575564
41.9177172125787, 12.4915282013285
41.9177203104185, 12.491526613877
41.9177619641062, 12.4915166390393
41.9179043768389, 12.491438483685
41.9179464219336, 12.4914357640045
41.9179367704991, 12.4914443741849
41.9179046819274, 12.4914902364271
41.9179498168759, 12.4915136573504
41.9178786772744, 12.4915424608326
41.917843410222, 12.4915719018332
41.9178779317325, 12.4915924556216
41.9178965246117, 12.4915169355114
41.9179276330059, 12.491514230386
41.9178948024596, 12.4914849355396
41.9177971067358, 12.4915916762529
41.9177971067358, 12.4915916762529
41.9177971067358, 12.4915916762529
41.9177971067358, 12.4915916762529
41.9177971067358, 12.4915916762529
41.9177971067358, 12.4915916762529
41.9177971067358, 12.4915916762529
41.9177971067358, 12.4915916762529
41.9177849665659, 12.4915931008728
41.9177280163203, 12.4916422506412
41.9177236256675, 12.4916643191068
41.9177439391538, 12.4915681604206
41.9177537569896, 12.4915989984105
41.9176843274755, 12.4915527506708
41.9177295528122, 12.4915426193525
41.9177295528122, 12.4915426193525
41.9178271565984, 12.4915740033133
41.9178355684368, 12.4915992911736
41.9178421493887, 12.4915684157588
41.9179006606025, 12.4913884963406
41.9178541563971, 12.4914591541897
41.9177980946151, 12.4915524982797
41.9178041335696, 12.4915604865289
41.9178756423601, 12.491505342693
41.91789765539, 12.4914782839603
41.9178806294017, 12.4914788005714
41.9177401494534, 12.4915006271041
41.9177601239849, 12.4916061847568
41.9179142468587, 12.4915056363951
41.9179729482713, 12.4914515406796
41.9179088761028, 12.4914212462598
41.9178576388328, 12.4915236093431
41.9178576388328, 12.4915236093431
41.9178567595233, 12.4915250079593
41.9178646609053, 12.4914886199718
41.9178970715386, 12.4914617858738
41.9178904656855, 12.4914869736921
41.9178981719141, 12.4915959480851
41.917890401812, 12.4915601419482
41.917859184112, 12.4915794679301
41.9178928783453, 12.4914620841674
41.9178931199471, 12.4915337167113
41.9178535418097, 12.4915268606764
41.9178978768292, 12.4914534852276
41.9178789016466, 12.4914856250397
41.9177940866266, 12.4916074311997
41.9178374753284, 12.4915421327469
41.9178992370301, 12.4914801994045
41.9179698108903, 12.4914603427972
41.9179112999273, 12.491421241127
41.9179246026031, 12.491439906631
41.9179188723393, 12.4914719861719
41.9179651655318, 12.4914045461998
41.9179061163133, 12.4914975192898
41.9178802281606, 12.4915601299125
41.9178713739905, 12.4915460826559
41.9178537361233, 12.4915351207335
41.9178370884856, 12.4916001671303
41.9177611405065, 12.4915869112567
41.9178340961582, 12.4915636713554
41.9178764633171, 12.4915817623647
41.9178226857423, 12.4916294981195
41.9177917363881, 12.4915946034506
41.9177728560366, 12.4915891741959
41.9177832705487, 12.4916002940239
41.9178475550342, 12.4915081493894
41.9178642801291, 12.49145600951
41.9178642801291, 12.49145600951
41.917793399473, 12.4916052283228
41.9178173712956, 12.4916044506034
41.9178020190267, 12.4916225628802
41.9178000807138, 12.4916739420818
41.9178271031967, 12.4916455182763
41.9178659951135, 12.4915199206992
41.9178763841124, 12.4915174454256
41.9178814701546, 12.4915387522455
41.9178328570471, 12.4915822960739
41.9178384233406, 12.4915660829066
41.9178619939209, 12.4914978933291
41.9178284714398, 12.4915435972903
41.9177938624197, 12.491510884282
41.9178732777223, 12.4915540445492
41.9179062281298, 12.4916087030636
41.9179096451546, 12.4915660621427
41.9178912501308, 12.4915922760355
41.9178749929243, 12.4915360299889
41.9179400803894, 12.4915231967631
41.9179901884363, 12.491539177493
41.9179901863103, 12.4915391795832
41.9179901863103, 12.4915391795832
41.9179901863103, 12.4915391795832
41.9179901863103, 12.4915391795832
41.9179901863103, 12.4915391795832
41.9179901863103, 12.4915391795832
41.9179901863103, 12.4915391795832
41.9179901863103, 12.4915391795832
41.9179901863103, 12.4915391795832
41.9179901863103, 12.4915391795832
41.9179901863103, 12.4915391795832
41.9179901863103, 12.4915391795832
41.9179901863103, 12.4915391795832
41.9179901863103, 12.4915391795832
41.9179901863103, 12.4915391795832
41.9179901863103, 12.4915391795832
41.9179069068215, 12.4915384888226
41.9178858478295, 12.4915576264717
41.9178709127841, 12.491574014938
41.9178768697716, 12.4915402049234
41.9179074056145, 12.4915883386161
41.9178980135777, 12.4915313472176
41.917913222884, 12.4914225982737
41.9179204010483, 12.4914541420291
41.9178523149879, 12.4914941396882
41.9178537986995, 12.4915095316094
41.9178507929666, 12.4915281706212
41.9178458194701, 12.4915130732136
41.9178266137577, 12.4914078862083
41.9178275819353, 12.491471114011
41.917853819924, 12.4914439580078
41.9179179118733, 12.4913908076361
41.917902412888, 12.4914263965253
41.9178787647823, 12.4915034025618
41.9178814902674, 12.4915612632456
41.917892607607, 12.4916320230122
41.9178502491408, 12.4916898730344
41.9178692672371, 12.4916116505543
41.9178770322268, 12.4915793739902
41.9178751960886, 12.4915608251793
41.9178415254666, 12.4916153095729
41.9178256187498, 12.4916566783658
41.9178260797161, 12.4916180829715
41.9178393966258, 12.4915873634737
41.9178525914622, 12.4915841390518
41.9178476962785, 12.4916242589297
41.9178549663332, 12.4917012927527
41.9178229068777, 12.4916909122532
41.917816513536, 12.4915395498606
41.9178795707167, 12.4915677334772
41.9178741027391, 12.4915169431569
41.9178603824056, 12.4916036922714
41.9178565144169, 12.4916861326182
41.9178473189157, 12.4916364256835
41.9178353911879, 12.4916585234697
41.9178857999302, 12.4916351101306
41.9178936486436, 12.4915716395982
41.9179050724823, 12.4914147457274
41.9179432176258, 12.4914061817873
41.9179102532926, 12.4914733908156
41.9178801670843, 12.4915654694197
41.9178801662403, 12.4915654704642
41.9178771477812, 12.4915761558917
41.9178799285526, 12.4915794699063
41.9178799285526, 12.4915794699063
41.9178799285526, 12.4915794699063
41.917877155736, 12.49158956325
41.917877155736, 12.49158956325
41.917877155736, 12.49158956325
41.917877155736, 12.49158956325
41.917877155736, 12.49158956325
41.917877155736, 12.49158956325
41.917877155736, 12.49158956325
41.917877155736, 12.49158956325
41.917877155736, 12.49158956325
41.917877155736, 12.49158956325
41.9178718630333, 12.4916008480743
41.9178347117507, 12.4916745845985
41.917830552124, 12.4916590856764
41.9178534489302, 12.4916976269636
41.9178405893024, 12.491666909558
41.9178364012717, 12.4916405058733
41.9178669872845, 12.4915888965467
41.9178968508415, 12.4915688316645
41.9179053699033, 12.491527802187
41.9178718721841, 12.4915550117602
41.9178560340041, 12.4915447330932
41.9179460513209, 12.4913256240155
41.917960454202, 12.4912547211914
41.9179604062388, 12.4912548094666
41.9179604062388, 12.4912548094666
41.9179604062388, 12.4912548094666
41.9178501010929, 12.4915470734429
41.9178403167224, 12.4915782213514
41.9178412110648, 12.4914808563275
41.9178489671258, 12.4915647202797
41.9179373966084, 12.4914097776371
41.9179456363359, 12.4913484009452
41.917936104234, 12.4913297539852
41.9178989339726, 12.4913948412498
41.9179310081023, 12.4914615942848
41.9179219007313, 12.4914977373803
41.9179055257611, 12.4914981958304
41.9179098697607, 12.4914890302348
41.9179098697607, 12.4914890302348
41.9178938516558, 12.4914792046745
41.9179112886821, 12.4914577310576
41.9179833362189, 12.4913732591051
41.9179222953362, 12.4914786077107
41.9178300082888, 12.4916752813548
41.9178569169097, 12.4916132682964
41.9178606946122, 12.4915708997841
41.9178914711488, 12.4915509128041
41.9179151807163, 12.491465873062
41.917974831636, 12.4914012460366
41.9179344266159, 12.491401241243
41.9179328511612, 12.4914040105233
41.9179328511612, 12.4914040105233
41.9179478216597, 12.491374685586
41.9179445559175, 12.4913886601221
41.9179848123121, 12.4913462906764
41.9179774067792, 12.4913556408116
41.9179433468071, 12.4913648716095
41.9179088859787, 12.4913437726306
41.9179162007116, 12.4913848130486
41.9179390957506, 12.4914157260635
41.9178978958101, 12.4915079954315
41.9179040691384, 12.491400897421
41.9179212897446, 12.4914304123284
41.9178721930054, 12.4915121789037
41.9179123522669, 12.4914621700019
41.9179723911606, 12.4913890571101
41.9179283357524, 12.491392418803
41.9178935204836, 12.4914776508403
41.9179023568369, 12.4915284106408
41.9179344374995, 12.4915067377374
41.918013910517, 12.4913269216439
41.9179847575739, 12.4913221555037
41.9179325830478, 12.4914193009161
41.9179261683648, 12.4914469461848
41.917892747703, 12.4914197278077
41.9178910704912, 12.4915130663578
41.9178846222593, 12.491451638598
41.9179664241052, 12.4913270970183
41.9179420495497, 12.4913317182074
41.9179329410706, 12.4913434228657
41.9179307120458, 12.4913505072467
41.9179307120458, 12.4913505072467
41.9179307120458, 12.4913505072467
41.9179307120458, 12.4913505072467
41.9179307120458, 12.4913505072467
41.917880184171, 12.4914655069492
41.9178834903336, 12.4914595338332
41.9179147551239, 12.4914245918647
41.9179435713251, 12.4914566307973
41.9179042163956, 12.4914912790662
41.9178791808643, 12.4915187366585
41.9178654888574, 12.4914677997599
41.9178527410665, 12.4915218345346
41.9179111297681, 12.4914318732683
41.9179094862103, 12.4913848881257
41.9179027449594, 12.4914107142887
41.917900330308, 12.4913595010038
41.917900330308, 12.4913595010038
41.9180284885715, 12.4912685535649
41.9180347091172, 12.4912602583995
41.9180347091172, 12.4912602583995
41.9180347091172, 12.4912602583995
41.9180347091172, 12.4912602583995
41.9180347091172, 12.4912602583995
41.9180186486591, 12.4912693588298
41.9178856376179, 12.4914803080416
41.9178567699299, 12.4915397682624
41.9178731362981, 12.4915417289638
41.9178952005835, 12.4914938350762
41.9179042536627, 12.4914099812701
41.9179073762952, 12.4915063208473
41.9179017791348, 12.4914639620183
41.91787399049, 12.4914784566827
41.9178660818666, 12.4914581762281
41.9179137135497, 12.4915062383807
41.9179092876882, 12.4915469823226
41.9178733719583, 12.4915170897503
41.9178685660518, 12.4914453458411
41.9179419976106, 12.4913199804792
41.9179765993594, 12.4913619038829
41.9179480593278, 12.4915118057634
41.9178673477422, 12.491520918024
41.9178223970545, 12.49149926524
41.9177896513457, 12.4915417140168
41.9179551163045, 12.4913353043608
41.9179288424533, 12.4914610017237
41.9178067652388, 12.4915607798507
41.917746081383, 12.4916015078756
41.9178812087067, 12.4914863344785
41.9178967531011, 12.491483549921
41.9178485853957, 12.4915452484033
41.917811526439, 12.4915967350608
41.9177841461106, 12.4915244980282
41.9178894928117, 12.4914737868734
41.917899779288, 12.4914890111488
41.9179061925111, 12.4914797583886
41.9178861417929, 12.4914994855376
41.9178624566872, 12.4914668308325
41.9178840960141, 12.4915684446731
41.9179087058949, 12.4916095259631
41.9178039203281, 12.4916046213118
41.9177007986524, 12.491644912702
41.9177718592596, 12.4916129445391
41.9178526830147, 12.4915478602242
41.9178526830147, 12.4915478602242
41.9179103807742, 12.4914648050072
41.9180625778065, 12.4917600270231
41.9172471982741, 12.4932704585928
41.916563187353, 12.495477498075
41.916563187353, 12.495477498075
41.9168610886474, 12.4958469801759
41.9174294832547, 12.4964865225598
41.9193615468537, 12.4982809066051
41.9206984825943, 12.4998713786636
41.9211500751541, 12.500336749469
41.9219611351461, 12.5013116238687
41.9227847197233, 12.5021219067053
41.9227847197233, 12.5021219067053
41.9233310495198, 12.5026204826979
41.9247035605543, 12.5038726142704
41.9259359780673, 12.5051098544396
41.9270607270743, 12.5061503360231
41.9276161334995, 12.5065933918355
