41.8943646035289, 12.4812639281598
41.8945291217536, 12.4820906406103
41.8956638370219, 12.4826022504999
41.896662778515, 12.4823051879418
41.8979606042387, 12.4816031631606
41.8995943236529, 12.4809706132843
41.9009640559981, 12.4803320158519
41.9016150264316, 12.4808197988589
41.9020781194544, 12.4813197459426
41.9018362138478, 12.4806114751135
41.9016919120584, 12.4811755664287
41.9022853725495, 12.4833507868287
41.9028093698647, 12.48530451655
41.9028193586907, 12.4853751927242
41.902997042076, 12.486269357945
41.9034929589801, 12.4877024862061
41.9034929589801, 12.4877024862061
41.9034929589801, 12.4877024862061
41.9034929589801, 12.4877024862061
41.9035676366815, 12.4882329771026
41.9037785054182, 12.4890112561221
41.9047535649618, 12.4883023886101
41.9058367902178, 12.4886847620058
41.9063347204749, 12.4898678083597
41.9063533546986, 12.489938923826
41.9063533546986, 12.489938923826
41.9063533546986, 12.489938923826
41.9071173794796, 12.4901226998374
41.9087578455726, 12.488901957624
41.9094992298756, 12.4886038818107
41.9099104931571, 12.489286010779
41.9098466985025, 12.488149822105
41.9100252249792, 12.4878330299554
41.9098443183339, 12.4877303618513
41.9098960857124, 12.4877447851207
41.9098960857124, 12.4877447851207
41.9098960857124, 12.4877447851207
41.9098960857124, 12.4877447851207
41.9098960857124, 12.4877447851207
41.9098960857124, 12.4877447851207
41.9098960857124, 12.4877447851207
41.9098960857124, 12.4877447851207
41.9098960857124, 12.4877447851207
41.9098960857124, 12.4877447851207
41.9098960857124, 12.4877447851207
41.9098960857124, 12.4877447851207
41.9098960857124, 12.4877447851207
41.9098960857124, 12.4877447851207
41.9099382264771, 12.4878960039071
41.9090141900609, 12.4886522032621
41.9075405532484, 12.489858299683
41.9075192859874, 12.4906576847245
41.9076631736699, 12.4907917801041
41.9076338874037, 12.4906121002697
41.9076338874037, 12.4906121002697
41.9076338874037, 12.4906121002697
41.9076338874037, 12.4906121002697
41.9076338874037, 12.4906121002697
41.9076338874037, 12.4906121002697
41.9076338874037, 12.4906121002697
41.9076338874037, 12.4906121002697
41.9076338874037, 12.4906121002697
41.9075542642726, 12.4906303919751
41.9075542642726, 12.4906303919751
41.9075542642726, 12.4906303919751
41.9075542642726, 12.4906303919751
41.9075542642726, 12.4906303919751
41.9075542642726, 12.4906303919751
41.9075542642726, 12.4906303919751
41.9075542642726, 12.4906303919751
41.9075542642726, 12.4906303919751
41.9075542642726, 12.4906303919751
41.9075151295775, 12.4905559004052
41.9074622623032, 12.4904701089254
41.907444252105, 12.4904104363418
41.9074442521107, 12.4904104363405
41.9075017207429, 12.4904007225161
41.9075594961054, 12.4903158868615
41.9075594961054, 12.4903158868615
41.9075594961054, 12.4903158868615
41.9075731483663, 12.4903066339741
41.9076000479033, 12.4902942829189
41.9076099230435, 12.4902904256761
41.9076346082089, 12.4902594900127
41.907636377932, 12.4902412747418
41.9076372656866, 12.4902403812688
41.9076216288338, 12.4902533597269
41.907621628833, 12.4902533597285
41.907621628833, 12.4902533597285
41.9076259061149, 12.4902532784302
41.9076213486632, 12.4902594764261
41.9076213486632, 12.4902594764261
41.9076258583575, 12.4902533061479
41.9076225530687, 12.4902536536133
41.9076225530687, 12.4902536536133
41.9076225530687, 12.4902536536133
41.9076225530687, 12.4902536536133
41.9076225530687, 12.4902536536133
41.907630135982, 12.4902413210576
41.9076272417799, 12.4902356912135
41.9076272417799, 12.4902356912135
41.9076272417799, 12.4902356912135
41.9076116390096, 12.4902230279628
41.907575188946, 12.4901967279279
41.9075751885358, 12.4901967277467
41.9075751885358, 12.4901967277467
41.9075751885358, 12.4901967277467
41.9075751885358, 12.4901967277467
41.9075751885358, 12.4901967277467
41.9075751885358, 12.4901967277467
41.9075751885358, 12.4901967277467
41.9075631551368, 12.4902110736149
41.9075578390837, 12.4902359324162
41.9075002718416, 12.490221615759
41.9074836293199, 12.4902134065524
41.9074836293199, 12.4902134065524
41.9074836293199, 12.4902134065524
41.9074048298959, 12.4902923224602
41.9074048298959, 12.4902923224602
41.9074048298902, 12.4902923224679
41.9074048298902, 12.4902923224679
41.9074048298902, 12.4902923224679
41.9074048298902, 12.4902923224679
41.9074048298902, 12.4902923224679
41.9074188882589, 12.4902854804195
41.9074188882589, 12.4902854804195
41.9074188882589, 12.4902854804195
41.9074188882589, 12.4902854804195
41.9074188882589, 12.4902854804195
41.9074187117333, 12.4902765977487
41.9074185766188, 12.4902487460977
41.9074185766188, 12.4902487460977
41.9074185766188, 12.4902487460977
41.9073893702155, 12.4901543873602
41.9073893702141, 12.4901543873637
41.9073893702141, 12.4901543873637
41.9073893702141, 12.4901543873637
41.9073893702141, 12.4901543873637
41.9073893702141, 12.4901543873637
41.9073893702141, 12.4901543873637
41.9073893702141, 12.4901543873637
41.9073893702141, 12.4901543873637
41.9073893702141, 12.4901543873637
41.9073893702141, 12.4901543873637
41.9073893702141, 12.4901543873637
41.9073893702141, 12.4901543873637
41.9073893702141, 12.4901543873637
41.9073893702141, 12.4901543873637
41.9073893702141, 12.4901543873637
41.9073893702141, 12.4901543873637
41.9073893702141, 12.4901543873637
41.9073893702141, 12.4901543873637
41.9073893702141, 12.4901543873637
41.9073893702141, 12.4901543873637
41.9073893702141, 12.4901543873637
41.9073893702141, 12.4901543873637
41.9073893702141, 12.4901543873637
41.9073893702141, 12.4901543873637
41.9073893702141, 12.4901543873637
41.9073893702141, 12.4901543873637
41.9073893702141, 12.4901543873637
41.9073893702141, 12.4901543873637
41.9073893702141, 12.4901543873637
41.9073893702141, 12.4901543873637
41.9073893702141, 12.4901543873637
41.9073893702141, 12.4901543873637
41.9073893702141, 12.4901543873637
41.9073893702141, 12.4901543873637
41.9073875800331, 12.4901425525067
41.9074164107082, 12.4900341219347
41.9074164107082, 12.4900341219347
41.9074164107082, 12.4900341219347
41.9074164107082, 12.4900341219347
41.9074164107082, 12.4900341219347
41.9074164107082, 12.4900341219347
41.9074164107082, 12.4900341219347
41.9074164107082, 12.4900341219347
41.9074164107082, 12.4900341219347
41.9074164107082, 12.4900341219347
41.9074164107082, 12.4900341219347
41.9074164107082, 12.4900341219347
41.9074164107082, 12.4900341219347
41.9074164107082, 12.4900341219347
41.9074164107082, 12.4900341219347
41.9074164107082, 12.4900341219347
41.9074018896254, 12.4901009332455
41.9073606222474, 12.4901031427212
41.9073544787946, 12.4900678377036
41.9074539120016, 12.4900108187415
41.9074175836679, 12.4899544958803
41.9084373065221, 12.4891296842292
41.9087359218484, 12.4889120020295
41.9096259309868, 12.4889255709219
41.9102312174126, 12.4897706339925
41.9113238817774, 12.4918012487695
41.9132011637913, 12.4931402117974
