41.9036660828862, 12.463083351011
41.9041167929121, 12.4631042008364
41.9041167929121, 12.4631042008364
41.9041167929121, 12.4631042008364
41.9041167929121, 12.4631042008364
41.9041167929121, 12.4631042008364
41.9041167929121, 12.4631042008364
41.9041167929121, 12.4631042008364
41.9041167929121, 12.4631042008364
41.904026687429, 12.4635853784745
41.9024301575865, 12.4644560087935
41.9016248446744, 12.4639760427716
41.9016248446744, 12.4639760427716
41.9016248446744, 12.4639760427716
41.9016248446744, 12.4639760427716
41.9014604049884, 12.4637226020442
41.9005576903179, 12.4628408132024
41.9002785997, 12.4627415705274
41.8997089020014, 12.4636955931276
41.8999110943442, 12.465706262555
41.8997132227492, 12.466267639561
41.8997132227492, 12.466267639561
41.8989158426286, 12.4674874213775
41.8982742520989, 12.4681703160284
41.8976316402729, 12.469147503701
41.8969101410906, 12.4718039255121
41.8967899740496, 12.4726979438575
41.8970969505654, 12.4729310855267
41.8970969505654, 12.4729310855267
41.8970969505654, 12.4729310855267
41.8970969505654, 12.4729310855267
41.8970969505654, 12.4729310855267
41.8970969505654, 12.4729310855267
41.8970969505654, 12.4729310855267
41.8970969505654, 12.4729310855267
41.8970969505654, 12.4729310855267
41.8970969505654, 12.4729310855267
41.8970969505654, 12.4729310855267
41.8970969505654, 12.4729310855267
41.8970969505654, 12.4729310855267
41.8970969505654, 12.4729310855267
41.8970969505654, 12.4729310855267
41.8970969505654, 12.4729310855267
41.8970969505654, 12.4729310855267
41.8970969505654, 12.4729310855267
41.8970969505654, 12.4729310855267
41.8971174189828, 12.4729251991109
41.8971061002804, 12.4728230621039
41.8969384426091, 12.472592677284
41.8968231034246, 12.4728031372288
41.8968245862484, 12.4728215295108
41.8965129312926, 12.4747141593729
41.895899885916, 12.4769813766228
41.8956499834468, 12.4793373702745
41.8950079278699, 12.4807700490957
41.8942333427437, 12.4813030625369
41.8944733158305, 12.4820772088217
41.8956354892592, 12.4827298717403
41.894608767114, 12.4846653669464
41.893535463574, 12.4865906325363
41.8932111151758, 12.4870877755728
41.8932111151758, 12.4870877755728
41.8932111151758, 12.4870877755728
41.8932111151758, 12.4870877755728
41.8933946297746, 12.4884515598275
41.8941422419878, 12.4911117234452
41.8949336577806, 12.4934193489408
41.896766402737, 12.4952769927015
41.8977757794926, 12.4969736705211
