41.9047305220767, 12.4787571073107
41.904724875265, 12.478360199049
41.9047332310621, 12.4779063102027
41.9047975503139, 12.4771161314882
41.9048354876157, 12.47612951973
41.9048686058601, 12.4758114020795
41.9048686058601, 12.4758114020795
41.9048686058601, 12.4758114020795
41.9048686058601, 12.4758114020795
41.9048686058601, 12.4758114020795
41.9048686058601, 12.4758114020795
41.9048686058601, 12.4758114020795
41.904907196315, 12.4755851777508
41.904963749222, 12.4750044651534
41.905030338508, 12.4740775800963
41.9051331624408, 12.4727668320742
41.9052511961432, 12.4717190224092
41.9053731244458, 12.471086825866
41.9059350663051, 12.4706628758065
41.9059566290031, 12.4700113861124
41.9058420048014, 12.4696637030784
41.9058420048014, 12.4696637030784
41.9058420048014, 12.4696637030784
41.9058420048014, 12.4696637030784
41.9056094817548, 12.4690128074976
41.9053895478169, 12.4682521577944
41.9054409747326, 12.4672547951252
41.9055529699811, 12.4663770983436
41.905618010996, 12.4656592056337
41.9056206418471, 12.4651403289483
41.9056770239005, 12.4645748660926
41.9056816605768, 12.4641897575132
41.9057100038064, 12.4635170273678
41.9057935460082, 12.462403809064
41.9058685217861, 12.4615021580703
41.9059302423749, 12.4607390567808
41.9059993743595, 12.4603110407833
41.9059706271786, 12.4602169066313
41.9056009010125, 12.4601070349511
41.9052029161299, 12.4601570976425
41.9049639917731, 12.4607110213076
41.9046476219819, 12.4615429524233
41.9043830384602, 12.4620373275977
41.9041668994969, 12.4620549708174
41.9038380447562, 12.4619717572826
41.9037336911966, 12.4619657356747
41.9036872030874, 12.4616492359432
41.9036864347011, 12.4611251106819
41.9037375144413, 12.4607526648144
41.9037258737186, 12.4606991910892
41.9037258737186, 12.4606991910892
41.9037258737186, 12.4606991910892
41.9037258737186, 12.4606991910892
41.9037258737186, 12.4606991910892
41.9037258737186, 12.4606991910892
41.9037258737186, 12.4606991910892
41.9037258737186, 12.4606991910892
41.9037258737186, 12.4606991910892
41.9037258737186, 12.4606991910892
41.9037258737186, 12.4606991910892
41.9037258737186, 12.4606991910892
41.9037258737186, 12.4606991910892
41.9037258737186, 12.4606991910892
41.9037258737186, 12.4606991910892
41.9037258737186, 12.4606991910892
41.9037258737186, 12.4606991910892
41.9037258737186, 12.4606991910892
41.9037258737186, 12.4606991910892
41.9037258737186, 12.4606991910892
41.9037258737186, 12.4606991910892
41.9037258737186, 12.4606991910892
41.9037258737186, 12.4606991910892
41.9037014274603, 12.4606644106357
41.9037014274603, 12.4606644106357
41.9037014274603, 12.4606644106357
41.9037014274603, 12.4606644106357
41.9037014274603, 12.4606644106357
41.9037014274603, 12.4606644106357
41.9037014274603, 12.4606644106357
41.9037014274603, 12.4606644106357
41.9037014274603, 12.4606644106357
41.9037014274603, 12.4606644106357
41.9037014274603, 12.4606644106357
41.9037014274603, 12.4606644106357
41.9037014274603, 12.4606644106357
41.9037014274603, 12.4606644106357
41.9037014274603, 12.4606644106357
41.9037014274603, 12.4606644106357
41.9037014274603, 12.4606644106357
41.9037014274603, 12.4606644106357
41.9037014274603, 12.4606644106357
41.9037014274603, 12.4606644106357
41.9037014274603, 12.4606644106357
41.9037014274603, 12.4606644106357
41.9037014274603, 12.4606644106357
41.9037014274603, 12.4606644106357
41.9037014274603, 12.4606644106357
41.9037014274603, 12.4606644106357
41.9037132241587, 12.4606248847013
41.9037616100924, 12.4603756674379
41.9037889633898, 12.4600601315477
41.9038087223867, 12.4594892258613
41.9038435855764, 12.4594115230071
41.9040886648149, 12.4594351756264
41.9043062160647, 12.4593949946464
41.9049620770348, 12.4594827726758
41.9053206870139, 12.4596495821291
41.9053082438316, 12.4599693393486
41.904917890027, 12.4609275345365
41.9051989270503, 12.4611531335067
41.9052632738809, 12.4611799553886
41.9057399978747, 12.4612230611916
41.9058781070221, 12.46132009734
41.9057706823604, 12.4622165185549
41.9056922507925, 12.4631623178602
41.9056922507925, 12.4631623178602
41.9056922507925, 12.4631623178602
41.9056922507925, 12.4631623178602
41.90562450157, 12.4637986682126
41.9055731899106, 12.4647394410751
41.905539548954, 12.4654994263199
41.905539548954, 12.4654994263199
41.9054401504433, 12.4659084197387
41.9054483688154, 12.4668248756576
41.9053752385174, 12.4675606154709
41.9053561471112, 12.4682509926582
41.9054876268458, 12.4683085564311
41.9057787296025, 12.4680905587852
41.9060815961036, 12.4679792201398
41.9062532376207, 12.4679635851828
41.906435334383, 12.4683189553483
41.906435334383, 12.4683189553483
41.906578495452, 12.4687504401709
41.9066243571783, 12.4688973578807
41.9066157577399, 12.4689661587144
41.9063872913585, 12.4691512855714
41.9063872913585, 12.4691512855714
41.9063872913585, 12.4691512855714
41.9063872913585, 12.4691512855714
41.9063872913585, 12.4691512855714
41.9063872913585, 12.4691512855714
41.9063872913585, 12.4691512855714
41.9063872913585, 12.4691512855714
41.9060663159798, 12.4692753977514
41.9060663159798, 12.4692753977514
41.9060258249175, 12.4693025524544
41.9060258249175, 12.4693025524544
41.9059503723337, 12.4693203757245
41.9059503723337, 12.4693203757245
41.9059503723337, 12.4693203757245
41.9059503723337, 12.4693203757245
41.9059503723337, 12.4693203757245
41.9059503723337, 12.4693203757245
41.9059503723337, 12.4693203757245
41.9059503723337, 12.4693203757245
41.9059503723337, 12.4693203757245
41.9059503723337, 12.4693203757245
41.9059503723337, 12.4693203757245
41.9059503723337, 12.4693203757245
41.9059447282313, 12.4693219473348
41.9059447282313, 12.4693219473348
41.9059447282313, 12.4693219473348
41.9059447282313, 12.4693219473348
41.9059447282313, 12.4693219473348
41.9059447282313, 12.4693219473348
41.9059447282313, 12.4693219473348
41.9059447282313, 12.4693219473348
41.9059447282313, 12.4693219473348
41.9059447282313, 12.4693219473348
41.9059447282313, 12.4693219473348
41.9059447282313, 12.4693219473348
41.9059447282313, 12.4693219473348
41.9059447282313, 12.4693219473348
41.9059447282313, 12.4693219473348
41.9059447282313, 12.4693219473348
41.9059447282313, 12.4693219473348
41.9059447282313, 12.4693219473348
41.9059447282313, 12.4693219473348
41.9059447282313, 12.4693219473348
41.9059447282313, 12.4693219473348
41.9059447282313, 12.4693219473348
41.9059447282313, 12.4693219473348
41.9059447282313, 12.4693219473348
41.9059447282313, 12.4693219473348
41.9059447282313, 12.4693219473348
41.9059447282313, 12.4693219473348
41.9059175708788, 12.4693401661703
41.9058170786776, 12.4694689259254
41.9058170786776, 12.4694689259254
41.9058170786776, 12.4694689259254
41.9058170786776, 12.4694689259254
41.9058170786776, 12.4694689259254
41.9058170786776, 12.4694689259254
41.9058170786776, 12.4694689259254
41.9058170786776, 12.4694689259254
41.9058170786776, 12.4694689259254
41.9058170786776, 12.4694689259254
41.9058170786776, 12.4694689259254
41.9058170786776, 12.4694689259254
41.9057890043279, 12.4694270939446
41.9057890043277, 12.4694270939446
41.9057890043277, 12.4694270939446
41.9057890043277, 12.4694270939446
41.9057890043277, 12.4694270939446
41.9057890043277, 12.4694270939446
41.9057890043277, 12.4694270939446
41.9057890043277, 12.4694270939446
41.9057890043277, 12.4694270939446
41.9057890043277, 12.4694270939446
41.9057890043277, 12.4694270939446
41.9057890043277, 12.4694270939446
41.9057890043277, 12.4694270939446
41.9057890043277, 12.4694270939446
41.9057890043277, 12.4694270939446
41.9057890043277, 12.4694270939446
41.9057878784879, 12.4694384882163
41.9057878784879, 12.4694384882163
41.9057878784879, 12.4694384882163
41.9057878784879, 12.4694384882163
41.9057878784879, 12.4694384882163
41.9057878784879, 12.4694384882163
41.9057878784879, 12.4694384882163
41.9057878784879, 12.4694384882163
41.9057790041477, 12.4694446982726
41.9057790041477, 12.4694446982726
41.9057790041477, 12.4694446982726
41.9057790041477, 12.4694446982726
41.9056768138431, 12.4694306097126
41.9056198652073, 12.4692275308065
41.9055652854282, 12.4689838264249
41.9055652854282, 12.4689838264249
41.9055652854282, 12.4689838264249
41.9055652854282, 12.4689838264249
41.9055652854282, 12.4689838264249
41.9055652854282, 12.4689838264249
41.9055652854282, 12.4689838264249
41.9055652854282, 12.4689838264249
41.9055652854282, 12.4689838264249
41.9055652854282, 12.4689838264249
41.9055652854282, 12.4689838264249
41.9055652854282, 12.4689838264249
41.9055652854282, 12.4689838264249
41.9055652854282, 12.4689838264249
41.9055652854282, 12.4689838264249
41.9055652854282, 12.4689838264249
41.9055652854282, 12.4689838264249
41.9055652854282, 12.4689838264249
41.9055652854282, 12.4689838264249
41.9055652854282, 12.4689838264249
41.9055652854282, 12.4689838264249
41.9055652854282, 12.4689838264249
41.9055652854282, 12.4689838264249
41.9055652854282, 12.4689838264249
41.9055652854282, 12.4689838264249
41.9055652854282, 12.4689838264249
41.9055652854282, 12.4689838264249
41.9055652854282, 12.4689838264249
41.9055652854282, 12.4689838264249
41.9055652854282, 12.4689838264249
41.9055652854282, 12.4689838264249
41.9055652854282, 12.4689838264249
41.9055652854282, 12.4689838264249
41.9055652854282, 12.4689838264249
41.9055652854282, 12.4689838264249
41.905531168056, 12.4688686319849
41.905531168056, 12.4688686319849
41.905531168056, 12.4688686319849
41.905531168056, 12.4688686319849
41.9054200276672, 12.4685812219397
41.9054746382633, 12.467909942299
41.9055284699031, 12.4670376044655
41.9055160399952, 12.4668689906984
41.9055578864577, 12.4664514172127
41.9055571939651, 12.4664291819335
41.9055571939651, 12.4664291819335
41.9055571939651, 12.4664291819335
41.9055571939651, 12.4664291819335
41.9055571939651, 12.4664291819335
41.9055571939651, 12.4664291819335
41.9055624344214, 12.4662386571902
41.905662567091, 12.4653428064266
41.9057837175413, 12.464087910212
41.905865640971, 12.4631305741877
41.9059266315081, 12.4618076646431
41.9060056574532, 12.4605154153826
41.9060853642917, 12.4599255474446
41.9061328459516, 12.4592642470359
41.906179522426, 12.4589351960294
41.9064428596824, 12.4583450880629
41.9064792482982, 12.4576739020674
41.9064650125617, 12.456733108403
