41.8820821873722, 12.4746073896452
41.8827755459656, 12.4756354976388
41.8827755459656, 12.4756354976388
41.8827936979616, 12.47569139773
41.8837792472563, 12.4768838760576
41.8852764337189, 12.4787288156165
41.8866394788264, 12.4801415097926
41.8876323960311, 12.4809220993079
41.8876323960311, 12.4809220993079
41.8884042644634, 12.4814477782765
41.890038394355, 12.4809761639221
41.8919863889086, 12.4803599816047
41.8935488257211, 12.4816914560787
41.8948020474426, 12.4821385406
41.8958625117291, 12.4827127423464
41.8967912467938, 12.4822185376152
41.8981840361876, 12.4816001487126
41.8998248784054, 12.4808862736194
41.9020254583268, 12.4821367291114
41.9020254583268, 12.4821367291114
41.9020254583268, 12.4821367291114
41.9025138581257, 12.4842120537531
41.9027944501874, 12.485358683847
41.9027944501874, 12.485358683847
41.9027944501874, 12.485358683847
41.9027395646417, 12.4860994007292
41.9033284185437, 12.4878687859385
41.9033800047758, 12.4880632718076
41.9033800047758, 12.4880632718076
41.9034920410902, 12.4881962164879
41.9035354615318, 12.4886170992914
41.9035354615318, 12.4886170992914
41.9035354615318, 12.4886170992914
41.9035354615318, 12.4886170992914
41.9035354615318, 12.4886170992914
41.9035354615318, 12.4886170992914
41.9035354615318, 12.4886170992914
41.9035354615318, 12.4886170992914
41.9035354615318, 12.4886170992914
41.9035354615318, 12.4886170992914
41.9035354615318, 12.4886170992914
41.9035354615318, 12.4886170992914
41.9035354615318, 12.4886170992914
41.9035354615318, 12.4886170992914
41.9035354615318, 12.4886170992914
41.9035354615318, 12.4886170992914
41.9035354615318, 12.4886170992914
41.9035354615318, 12.4886170992914
41.9035331095126, 12.4886366383618
41.9035331095126, 12.4886366383618
41.9035331095126, 12.4886366383618
41.9035331095126, 12.4886366383618
41.9035331095126, 12.4886366383618
41.9035331095126, 12.4886366383618
41.9035331095126, 12.4886366383618
41.9035331095126, 12.4886366383618
41.9035331095126, 12.4886366383618
41.9035331095126, 12.4886366383618
41.9035331095126, 12.4886366383618
41.9035331095126, 12.4886366383618
41.9035331095126, 12.4886366383618
41.9035331095126, 12.4886366383618
41.9035331095126, 12.4886366383618
41.9035331095126, 12.4886366383618
41.9035331095126, 12.4886366383618
41.9035331095126, 12.4886366383618
41.9035331095126, 12.4886366383618
41.9035331095126, 12.4886366383618
41.9035331095126, 12.4886366383618
41.9035331095126, 12.4886366383618
41.9035331095126, 12.4886366383618
41.9035331095126, 12.4886366383618
41.9035331095126, 12.4886366383618
41.9035331095126, 12.4886366383618
41.9035331095126, 12.4886366383618
41.9035331095126, 12.4886366383618
41.9035331095126, 12.4886366383618
41.9035608249052, 12.488753279545
41.9035784069701, 12.4888218853022
41.9035784069701, 12.4888218853022
41.9035784069701, 12.4888218853022
41.9035784069701, 12.4888218853022
41.9035784069701, 12.4888218853022
41.9035784069701, 12.4888218853022
41.9035784069701, 12.4888218853022
41.9035784069701, 12.4888218853022
41.9035784069701, 12.4888218853022
41.9035784069701, 12.4888218853022
41.9035784069701, 12.4888218853022
41.9035784069701, 12.4888218853022
41.9035784069701, 12.4888218853022
41.9035784069701, 12.4888218853022
41.9035784069701, 12.4888218853022
41.9035784069701, 12.4888218853022
41.9035784069701, 12.4888218853022
41.9035784069701, 12.4888218853022
41.9035784069701, 12.4888218853022
41.9035784069701, 12.4888218853022
41.9035784069701, 12.4888218853022
41.9035784069701, 12.4888218853022
41.9035784069701, 12.4888218853022
41.9035784069701, 12.4888218853022
41.9035784069701, 12.4888218853022
41.9035784069701, 12.4888218853022
41.9035784069701, 12.4888218853022
41.9035784069701, 12.4888218853022
41.9035784069701, 12.4888218853022
41.9035784069701, 12.4888218853022
41.9035784069701, 12.4888218853022
41.9035784069701, 12.4888218853022
41.9035784069701, 12.4888218853022
41.9035784069701, 12.4888218853022
41.9035784069701, 12.4888218853022
41.9035784069701, 12.4888218853022
41.9035784069701, 12.4888218853022
41.9035784069701, 12.4888218853022
41.9035784069701, 12.4888218853022
41.9035784069701, 12.4888218853022
41.9035784069701, 12.4888218853022
41.9037787039396, 12.4890538799966
41.9037786929219, 12.4890538834112
41.9037786929219, 12.4890538834112
41.9037786929219, 12.4890538834112
41.9037786929219, 12.4890538834112
41.9037786929219, 12.4890538834112
41.9037786929219, 12.4890538834112
41.9037786929219, 12.4890538834112
41.9037786929219, 12.4890538834112
41.9037786929219, 12.4890538834112
41.9037723617452, 12.4890165190544
41.9037656566115, 12.4890634749121
41.9037661864336, 12.4890646954339
41.9037661864336, 12.4890646954339
41.9037661864336, 12.4890646954339
41.9037661864336, 12.4890646954339
41.9037611106018, 12.4890695943966
41.9037455103606, 12.4890745132815
41.9037973611555, 12.4890792638002
41.9037964951549, 12.489079728476
41.9037964951549, 12.489079728476
41.9037964951549, 12.489079728476
41.9037964951549, 12.489079728476
41.9037964951549, 12.489079728476
41.9037974762143, 12.4890811141335
41.903802962597, 12.4890614112318
41.903893811625, 12.4890082738953
41.9038882090877, 12.488995228316
41.9038701638187, 12.4889887767451
41.9038701638187, 12.4889887767451
41.9038701638187, 12.4889887767451
41.9038932260247, 12.4889713123911
41.9038767191778, 12.4889639289355
41.9039027121971, 12.4889459867975
41.9039159325725, 12.4889345967522
41.9038821526709, 12.4889907307785
41.9038456686867, 12.488996492269
41.9039143054915, 12.4889940099371
41.9039362773559, 12.4890034341574
41.9039410824195, 12.4890073514573
41.9040237573545, 12.4890088588957
41.903963915759, 12.489108082143
41.9039356305762, 12.4890833816847
41.9039329396272, 12.4890879655362
41.9039296849996, 12.4890818483239
41.9039296849996, 12.4890818483239
41.9039296849996, 12.4890818483239
41.9039135495972, 12.4890449183537
41.9038625303901, 12.4889488912475
41.9038618921302, 12.4889507210448
41.9038111144166, 12.4888591189738
41.9037924021132, 12.4888587536793
41.9038469097543, 12.4889110068548
41.9039029903171, 12.4889388661995
41.9038950278231, 12.4889919834878
41.9039079413545, 12.488964831301
41.9039456360895, 12.4890277682823
41.9039819119591, 12.4890405080156
41.9039811378083, 12.4890444128525
41.9039811378083, 12.4890444128525
41.9039811378083, 12.4890444128525
41.9039811378083, 12.4890444128525
41.9039811378083, 12.4890444128525
41.9039811378083, 12.4890444128525
41.9039811378083, 12.4890444128525
41.9039811378083, 12.4890444128525
41.9039811378083, 12.4890444128525
41.9039811378083, 12.4890444128525
41.9039811378083, 12.4890444128525
41.9039811378083, 12.4890444128525
41.9039811378083, 12.4890444128525
41.9039811378083, 12.4890444128525
41.9039811378083, 12.4890444128525
41.9039811378083, 12.4890444128525
41.9039811378083, 12.4890444128525
41.9039811378083, 12.4890444128525
41.9039811378083, 12.4890444128525
41.9039811378083, 12.4890444128525
41.9039811378083, 12.4890444128525
41.9039811378083, 12.4890444128525
41.9039811378083, 12.4890444128525
41.9039811378083, 12.4890444128525
41.9039811378083, 12.4890444128525
41.9039811378083, 12.4890444128525
41.9038009319416, 12.4891141130007
41.9038989639306, 12.4890261995712
41.9039419123389, 12.4889928455368
41.9039419123389, 12.4889928455368
41.9039419123389, 12.4889928455368
41.9039419123389, 12.4889928455368
41.9039419123389, 12.4889928455368
41.9039419123389, 12.4889928455368
41.9039419123389, 12.4889928455368
41.9039419123389, 12.4889928455368
41.9039419123389, 12.4889928455368
41.9039419123389, 12.4889928455368
41.9039419123389, 12.4889928455368
41.904050440002, 12.4889168966325
41.9039827188412, 12.4889599276521
41.9040021462463, 12.4890031750225
41.9040021462463, 12.4890031750225
41.9040021462463, 12.4890031750225
41.9040021462463, 12.4890031750225
41.9039960622668, 12.4889825718127
41.9039724524094, 12.4889385231138
41.9039862913425, 12.4889988041814
41.9039260747609, 12.489046862891
41.9040179412013, 12.4890380785435
41.9040459481037, 12.4891419505196
41.9041015368732, 12.4891170544907
41.904083064775, 12.4891870295644
41.904083064775, 12.4891870295644
41.904083064775, 12.4891870295644
41.904083064775, 12.4891870295644
41.904083064775, 12.4891870295644
41.904083064775, 12.4891870295644
41.904083064775, 12.4891870295644
41.904083064775, 12.4891870295644
41.904083064775, 12.4891870295644
41.904083064775, 12.4891870295644
41.9039536928982, 12.4886060713043
41.9035226455445, 12.488008023448
41.9030750789319, 12.4864355349731
41.9029599586053, 12.4859514925653
41.9029599586053, 12.4859514925653
41.9029599586053, 12.4859514925653
41.9025775244501, 12.484432531836
41.9020163376405, 12.4823485497016
