41.9099056087812, 12.4885715967742
41.9094043161559, 12.4878879281615
41.9083288759367, 12.4869899702727
41.9070100496107, 12.4859644537432
41.9063868021178, 12.4863624462488
41.906672607219, 12.4874844692861
41.9071099055994, 12.489080581233
41.9072794507333, 12.489624659952
41.9072794507333, 12.489624659952
41.9071629635785, 12.4899223596087
41.9060941690445, 12.4896495899861
41.9055145911732, 12.4880866288653
41.9044222591271, 12.4882990698055
41.9043003464489, 12.488407059255
41.9042278790782, 12.4884948771695
41.903767126906, 12.4884075289651
41.903767126906, 12.4884075289651
41.9035921930754, 12.4882576710437
41.9033898620477, 12.4883200256451
41.9033898620477, 12.4883200256451
41.9033898620477, 12.4883200256451
41.9033898620477, 12.4883200256451
41.9033898620477, 12.4883200256451
41.9033898620477, 12.4883200256451
41.9033898620477, 12.4883200256451
41.9033898620477, 12.4883200256451
41.9033898620477, 12.4883200256451
41.9033898620477, 12.4883200256451
41.9033898620477, 12.4883200256451
41.9033898620477, 12.4883200256451
41.9033898620477, 12.4883200256451
41.9033898620477, 12.4883200256451
41.9033898620477, 12.4883200256451
41.9034016110208, 12.4883314207636
41.9034271251484, 12.4883808356201
41.9034271251528, 12.4883808356236
41.9034271251528, 12.4883808356236
41.9034271251528, 12.4883808356236
41.9034271251528, 12.4883808356236
41.9035138812939, 12.4885478038698
41.9035138812939, 12.4885478038698
41.9035138812939, 12.4885478038698
41.9035138812939, 12.4885478038698
41.9035138812939, 12.4885478038698
41.9035277313321, 12.4886004474153
41.903527710552, 12.4886005778039
41.903527710552, 12.4886005778039
41.903527710552, 12.4886005778039
41.903527710552, 12.4886005778039
41.903527710552, 12.4886005778039
41.903527710552, 12.4886005778039
41.903527710552, 12.4886005778039
41.903527710552, 12.4886005778039
41.903527710552, 12.4886005778039
41.903527710552, 12.4886005778039
41.903527710552, 12.4886005778039
41.903527710552, 12.4886005778039
41.903527710552, 12.4886005778039
41.9035974848233, 12.4887853015351
41.9035974848233, 12.4887853015351
41.9035974848233, 12.4887853015351
41.9035974848233, 12.4887853015351
41.9035974848233, 12.4887853015351
41.9035974848233, 12.4887853015351
41.9035974848233, 12.4887853015351
41.9035974848233, 12.4887853015351
41.9035974848233, 12.4887853015351
41.9035974848233, 12.4887853015351
41.9035974848233, 12.4887853015351
41.9036225773389, 12.4888396802121
41.9036225773389, 12.4888396802121
41.9036225773389, 12.4888396802121
41.9036225773389, 12.4888396802121
41.9036225773389, 12.4888396802121
41.9036225773389, 12.4888396802121
41.9036225773389, 12.4888396802121
41.9036225773389, 12.4888396802121
41.9036225773389, 12.4888396802121
41.9036225773389, 12.4888396802121
41.9036225773389, 12.4888396802121
41.9036225773389, 12.4888396802121
41.9036225773389, 12.4888396802121
41.9037935393715, 12.4890734953114
41.9037935393715, 12.4890734953113
41.9037935393715, 12.4890734953113
41.9037935393715, 12.4890734953113
41.9037935393715, 12.4890734953113
41.9037935393715, 12.4890734953113
41.9038019929821, 12.4890636331567
41.9038019929821, 12.4890636331567
41.9038019929821, 12.4890636331567
41.9038019929821, 12.4890636331567
41.90381417354, 12.4890497589688
41.903865867396, 12.4889836432452
41.903865867396, 12.4889836432452
41.903865867396, 12.4889836432452
41.903865867396, 12.4889836432452
41.903865867396, 12.4889836432452
41.903865867396, 12.4889836432452
41.903865867396, 12.4889836432452
41.903865867396, 12.4889836432452
41.903865867396, 12.4889836432452
41.903865867396, 12.4889836432452
41.903865867396, 12.4889836432452
41.903865867396, 12.4889836432452
41.903865867396, 12.4889836432452
41.903865867396, 12.4889836432452
41.9039366593492, 12.4889393817384
41.9039366593492, 12.4889393817384
41.9039366593492, 12.4889393817384
41.9039366593492, 12.4889393817384
41.9039366593492, 12.4889393817384
41.9039366593492, 12.4889393817384
41.9039366593492, 12.4889393817384
41.9039366593492, 12.4889393817384
41.9039366593492, 12.4889393817384
41.9039366593492, 12.4889393817384
41.9039366593492, 12.4889393817384
41.9039366593492, 12.4889393817384
41.9039366593492, 12.4889393817384
41.9039366593492, 12.4889393817384
41.9039366593492, 12.4889393817384
41.9039366593492, 12.4889393817384
41.9039366593492, 12.4889393817384
41.9039366593492, 12.4889393817384
41.9039366593492, 12.4889393817384
41.9039366593492, 12.4889393817384
41.9039366593492, 12.4889393817384
41.9039366593492, 12.4889393817384
41.9039366593492, 12.4889393817384
41.9039366593492, 12.4889393817384
41.9039366593492, 12.4889393817384
41.9039366593492, 12.4889393817384
41.9039366593492, 12.4889393817384
41.9039366593492, 12.4889393817384
41.9039366593492, 12.4889393817384
41.9039366593492, 12.4889393817384
41.9039366593492, 12.4889393817384
41.9039366593492, 12.4889393817384
41.9039366593492, 12.4889393817384
41.9039366593492, 12.4889393817384
41.9039366593492, 12.4889393817384
41.9039366593492, 12.4889393817384
41.9039366593492, 12.4889393817384
41.9039366593492, 12.4889393817384
41.9039366593492, 12.4889393817384
41.9039366593492, 12.4889393817384
41.9039366593492, 12.4889393817384
41.9039366593492, 12.4889393817384
41.9039366593492, 12.4889393817384
41.9039366593492, 12.4889393817384
41.9039366593492, 12.4889393817384
41.9039366593492, 12.4889393817384
41.9039366593492, 12.4889393817384
41.9039366593492, 12.4889393817384
41.9039290156542, 12.4889360611949
41.9039734109289, 12.4890249114838
41.9039505530225, 12.4890175104953
41.9039186613557, 12.4889951126272
41.9038958175214, 12.4889258138205
41.9039081188245, 12.4889497678032
41.9039010553163, 12.4889533389809
41.9039399731013, 12.4889862285532
41.9039429886465, 12.4890139847611
41.9039438261152, 12.4890130554036
41.9039438261152, 12.4890130554036
41.9039438261152, 12.4890130554036
41.9039438261152, 12.4890130554036
41.9039438261152, 12.4890130554036
41.9039438261152, 12.4890130554036
41.9039438261152, 12.4890130554036
41.9039438261152, 12.4890130554036
41.9039438261152, 12.4890130554036
41.903937486396, 12.4889860673832
41.9039342222859, 12.4889764366263
41.9039342222859, 12.4889764366263
41.9039342222859, 12.4889764366263
41.9039342222859, 12.4889764366263
41.9039342222859, 12.4889764366263
41.9039342222859, 12.4889764366263
41.9039342222859, 12.4889764366263
41.9039342222859, 12.4889764366263
41.9039342222859, 12.4889764366263
41.9039342222859, 12.4889764366263
41.9039342222859, 12.4889764366263
41.9039342222859, 12.4889764366263
41.9039342222859, 12.4889764366263
41.9039342222859, 12.4889764366263
41.9039342222859, 12.4889764366263
41.9039342222859, 12.4889764366263
41.9039342222859, 12.4889764366263
41.9039342222859, 12.4889764366263
41.9039342222859, 12.4889764366263
41.9039342222859, 12.4889764366263
41.9039342222859, 12.4889764366263
41.9039342222859, 12.4889764366263
41.9039342222859, 12.4889764366263
41.9039342222859, 12.4889764366263
41.9039342222859, 12.4889764366263
41.9039342222859, 12.4889764366263
41.9039342222859, 12.4889764366263
41.9039342222859, 12.4889764366263
41.90395129417, 12.4889565957244
41.9037185926765, 12.4882588970798
41.9034080399945, 12.4882465471506
41.901743135245, 12.4911563778343
41.9016427169366, 12.4913827443058
41.901221078159, 12.4920919037158
41.9008811707341, 12.4925747828115
41.9008021344994, 12.4927226268226
41.9008021344994, 12.4927226268226
41.9008021344994, 12.4927226268226
41.9006335179186, 12.4930635420079
41.9001053430339, 12.4941058400568
41.8997646309774, 12.4947076339586
41.8995603105679, 12.4950321633174
41.8990355402821, 12.4958881082014
41.8989566450146, 12.496033541609
41.8989264846298, 12.4960852706554
41.8989264846298, 12.4960852706554
41.8989264846298, 12.4960852706554
41.8983239243524, 12.4969336448633
41.8974510749592, 12.4976988266938
41.8969434111817, 12.4987653620101
41.8968956225247, 12.4995045306265
41.896772646172, 12.5002904026456
41.8959386039638, 12.5018292444964
41.8955307872069, 12.5024539832831
41.895422423329, 12.5026172501091
41.8949172092672, 12.5025269559895
41.8945157779413, 12.5028778137731
41.8940199996834, 12.5038017650991
41.8933861718684, 12.5048976917005
41.8936068724686, 12.5059747163869
41.892651561776, 12.5078108427736
41.8923212595736, 12.5083120092994
41.8914338855374, 12.5098557626386
41.8906986217355, 12.5111670161841
41.8900067133172, 12.5124788955516
