41.8826745163065, 12.4588997380028
41.8826494376912, 12.4594448304936
41.8826586407626, 12.4604340091003
41.8826258353432, 12.4607605696217
41.881699725812, 12.4606731548821
41.8816707639933, 12.4607472140922
41.8816707639933, 12.4607472140922
41.8816707639933, 12.4607472140922
41.8816707639933, 12.4607472140922
41.8816707639933, 12.4607472140922
41.8816707639933, 12.4607472140922
41.8816707639933, 12.4607472140922
41.8816707639933, 12.4607472140922
41.8816707639933, 12.4607472140922
41.8816707639933, 12.4607472140922
41.8816707639933, 12.4607472140922
41.8816707639933, 12.4607472140922
41.8816707639933, 12.4607472140922
41.8816707639933, 12.4607472140922
41.8816707639933, 12.4607472140922
41.8816707639933, 12.4607472140922
41.8816707639933, 12.4607472140922
41.8816707639933, 12.4607472140922
41.8816707639933, 12.4607472140922
41.8816707639933, 12.4607472140922
41.8816733047524, 12.4607947863129
41.8816733047524, 12.4607947863129
41.8816733047524, 12.4607947863129
41.8816733047524, 12.4607947863129
41.8816733047524, 12.4607947863129
41.8816733047524, 12.4607947863129
41.8816733047524, 12.4607947863129
41.8816733047524, 12.4607947863129
41.8816733047524, 12.4607947863129
41.8816733047524, 12.4607947863129
41.8816733047524, 12.4607947863129
41.8816733047524, 12.4607947863129
41.8816733047524, 12.4607947863129
41.8816733047524, 12.4607947863129
41.8816733047524, 12.4607947863129
41.8816987238447, 12.4608100638007
41.8817060830377, 12.4608193924935
41.8817060830377, 12.4608193924935
41.8817060830377, 12.4608193924935
41.8817060830377, 12.4608193924935
41.8817249826296, 12.4608466723864
41.8817249826296, 12.4608466723864
41.8817264924246, 12.4608533729126
41.8817264924246, 12.4608533729126
41.8817558624692, 12.4608898233072
41.8817558624692, 12.4608898233072
41.8817558624692, 12.4608898233072
41.8817558624692, 12.4608898233072
41.8817558624692, 12.4608898233072
41.8817558624692, 12.4608898233072
41.8817558624692, 12.4608898233072
41.8817558624692, 12.4608898233072
41.8817558624692, 12.4608898233072
41.8817558624692, 12.4608898233072
41.8817558624692, 12.4608898233072
41.8817558624692, 12.4608898233072
41.8817573701419, 12.4608919059679
41.8817573701419, 12.4608919059679
41.8817573701419, 12.4608919059679
41.8817573701419, 12.4608919059679
41.8817573701419, 12.4608919059679
41.8817573701419, 12.4608919059679
41.8817573701419, 12.4608919059679
41.8817573701419, 12.4608919059679
41.8817573701419, 12.4608919059679
41.8817573701419, 12.4608919059679
41.8817573701419, 12.4608919059679
41.8817573701419, 12.4608919059679
41.8817573701419, 12.4608919059679
41.8817573701419, 12.4608919059679
41.8817573701419, 12.4608919059679
41.8817573701419, 12.4608919059679
41.8817573701419, 12.4608919059679
41.8817573701419, 12.4608919059679
41.8817573701419, 12.4608919059679
41.8817573701419, 12.4608919059679
41.8817573701419, 12.4608919059679
41.8817573701419, 12.4608919059679
41.8817573701419, 12.4608919059679
41.8817573701419, 12.4608919059679
41.8817573701419, 12.4608919059679
41.8817573701419, 12.4608919059679
41.8817573701419, 12.4608919059679
41.8817573701419, 12.4608919059679
41.8817573701419, 12.4608919059679
41.8817573701419, 12.4608919059679
41.8817573701419, 12.4608919059679
41.8817573701419, 12.4608919059679
41.8817573701419, 12.4608919059679
41.8817573701419, 12.4608919059679
41.8817573701419, 12.4608919059679
41.8817573701419, 12.4608919059679
41.8817573701419, 12.4608919059679
41.8817573701419, 12.4608919059679
41.8817573701419, 12.4608919059679
41.8817573701419, 12.4608919059679
41.8817573701419, 12.4608919059679
41.8817573701419, 12.4608919059679
41.8817573701419, 12.4608919059679
41.8817573701419, 12.4608919059679
41.8817573701419, 12.4608919059679
41.8817573701419, 12.4608919059679
41.8817573701419, 12.4608919059679
41.8817573701419, 12.4608919059679
41.8817573701419, 12.4608919059679
41.8817573701419, 12.4608919059679
41.8817573701419, 12.4608919059679
41.8817573701419, 12.4608919059679
41.8817573701419, 12.4608919059679
41.8817573701419, 12.4608919059679
41.8817573701419, 12.4608919059679
41.8817573701419, 12.4608919059679
41.8817573701419, 12.4608919059679
41.8817573701419, 12.4608919059679
41.8817573701419, 12.4608919059679
41.8817573701419, 12.4608919059679
41.8817586871979, 12.4608894788823
41.8817586871979, 12.4608894788823
41.8817649900356, 12.4608875241444
41.8817649900356, 12.4608875241444
41.8817649900356, 12.4608875241444
41.8817649900356, 12.4608875241444
41.8817649900356, 12.4608875241444
41.8817649900356, 12.4608875241444
41.8817854360777, 12.4608887175169
41.8823429342607, 12.4607228838641
41.8825507690788, 12.4628698127647
41.8825507690788, 12.4628698127647
41.8825177525189, 12.4636523657123
41.8836428438285, 12.4630168006967
41.8844381767696, 12.4613221021026
41.8851678189884, 12.4616556493698
41.88635722428, 12.461726770998
41.8876481224988, 12.4614100409057
41.8882726239396, 12.4614377110893
41.8885050015679, 12.4616649961737
41.888531945428, 12.4612494959934
41.8884961810576, 12.4611995416364
41.8884050304785, 12.4611332530172
41.8880625132649, 12.4602363794269
41.8877289243441, 12.4590459655329
41.887907637244, 12.4583056069162
41.8897385401437, 12.4582505206997
41.8916356087474, 12.4584814000098
41.8935713135706, 12.4583513293829
41.8948485611982, 12.4574284972442
41.8962502266989, 12.457048788516
41.8975507194465, 12.4568093718868
41.8987201506804, 12.4563181375668
41.8994113062385, 12.4563025725231
41.8994361939193, 12.4563066072291
41.9000328092618, 12.4565901293006
41.9000328092618, 12.4565901293006
41.9000328092618, 12.4565901293006
41.9000328092618, 12.4565901293006
41.9001276551056, 12.4570644066606
41.9001276551056, 12.4570644066606
41.8996129950175, 12.4618229968995
41.8996568692941, 12.4622462673745
41.8997528765377, 12.4639764973514
41.899893242843, 12.465327574552
41.8998986574093, 12.4658282430066
41.8998980278979, 12.4658450514732
41.8997040776522, 12.4662106621603
41.8988221038153, 12.467276865125
41.8976695488831, 12.4690039552155
