41.9047489408547, 12.4832434599417
41.9051231518294, 12.4827040314822
41.9057965863824, 12.4821885463497
41.9063976525403, 12.4814679821182
41.9067726552081, 12.4808984606652
41.9073428619945, 12.4801683680376
41.9078457015763, 12.4796639000773
41.9080014495972, 12.479416611124
41.9084233252062, 12.4788780104061
41.9087669701172, 12.4785657822401
41.9092111812745, 12.4780837450619
41.9094911278968, 12.4777336858422
41.9097195061593, 12.4774149500328
41.9097511749347, 12.4773869690953
41.9098778427361, 12.4772299622503
41.9101395031377, 12.4769265449684
41.9101395031377, 12.4769265449684
41.9101395031377, 12.4769265449684
41.9101395031377, 12.4769265449684
41.9101395031377, 12.4769265449684
41.9101395031377, 12.4769265449684
41.9101395031377, 12.4769265449684
41.9101395031377, 12.4769265449684
41.9101395031377, 12.4769265449684
41.9101395031377, 12.4769265449684
41.9101395031377, 12.4769265449684
41.9101395031377, 12.4769265449684
41.9101395031377, 12.4769265449684
41.9101395031377, 12.4769265449684
41.9101420359217, 12.4769126587294
41.9101420359217, 12.4769126587294
41.9101420359217, 12.4769126587294
41.9101420359217, 12.4769126587294
41.9101465359453, 12.4769015814944
41.9101465362132, 12.476901581152
41.9101465362132, 12.476901581152
41.9101465362132, 12.476901581152
41.9101465362132, 12.476901581152
41.9101465362132, 12.476901581152
41.9101465362132, 12.476901581152
41.9101465362132, 12.476901581152
41.9101465362132, 12.476901581152
41.9101465362132, 12.476901581152
41.9101465362132, 12.476901581152
41.9101465362132, 12.476901581152
41.9101465362132, 12.476901581152
41.9101465362132, 12.476901581152
41.9101465362132, 12.476901581152
41.9101465362132, 12.476901581152
41.9101465362132, 12.476901581152
41.9101465362132, 12.476901581152
41.9101465362132, 12.476901581152
41.9101465362132, 12.476901581152
41.9101465362132, 12.476901581152
41.9101465362132, 12.476901581152
41.9101465362132, 12.476901581152
41.9101465362132, 12.476901581152
41.9101465362132, 12.476901581152
41.9101501755553, 12.4768960123621
41.9101501755553, 12.4768960123621
41.9101501755553, 12.4768960123621
41.9101501755553, 12.4768960123621
41.9101501755553, 12.4768960123621
41.9101501755553, 12.4768960123621
41.9101501755553, 12.4768960123621
41.9101501755553, 12.4768960123621
41.9101501755553, 12.4768960123621
41.9101501755553, 12.4768960123621
41.9101501755553, 12.4768960123621
41.9101501755553, 12.4768960123621
41.9101501755553, 12.4768960123621
41.9101501755553, 12.4768960123621
41.9101501755553, 12.4768960123621
41.9101501755553, 12.4768960123621
41.9101501755553, 12.4768960123621
41.9101501755553, 12.4768960123621
41.9101501755553, 12.4768960123621
41.9101501755553, 12.4768960123621
41.9102825883248, 12.4768004885808
41.9102825925221, 12.4768004900122
41.9102825925221, 12.4768004900122
41.9102825925221, 12.4768004900122
41.9102825925221, 12.4768004900122
41.9102825925221, 12.4768004900122
41.9102825925221, 12.4768004900122
41.9102825925221, 12.4768004900122
41.9102825925221, 12.4768004900122
41.9102825925221, 12.4768004900122
41.9102825925221, 12.4768004900122
41.9102825925221, 12.4768004900122
41.9102825925221, 12.4768004900122
41.9102825925221, 12.4768004900122
41.9102825925221, 12.4768004900122
41.9102825925221, 12.4768004900122
41.9102825925221, 12.4768004900122
41.9102825925221, 12.4768004900122
41.9102825925221, 12.4768004900122
41.9102825925221, 12.4768004900122
41.9102825925221, 12.4768004900122
41.9102825925221, 12.4768004900122
41.9102825925221, 12.4768004900122
41.9102825925221, 12.4768004900122
41.9102825925221, 12.4768004900122
41.9102825925221, 12.4768004900122
41.9102825925221, 12.4768004900122
41.9102825925221, 12.4768004900122
41.9102825925221, 12.4768004900122
41.9102825925221, 12.4768004900122
41.9102825925221, 12.4768004900122
41.9102825925221, 12.4768004900122
41.9102825925221, 12.4768004900122
41.9102825925221, 12.4768004900122
41.9102825925221, 12.4768004900122
41.9102825925221, 12.4768004900122
41.9102825925221, 12.4768004900122
41.9102825925221, 12.4768004900122
41.9102825925221, 12.4768004900122
41.9102825925221, 12.4768004900122
41.9102825925221, 12.4768004900122
41.9102825925221, 12.4768004900122
41.9102825925221, 12.4768004900122
41.9102825925221, 12.4768004900122
41.9102825925221, 12.4768004900122
41.9102825925221, 12.4768004900122
41.9102825925221, 12.4768004900122
41.9102825925221, 12.4768004900122
41.9102825925221, 12.4768004900122
41.9102825925221, 12.4768004900122
41.9102825925221, 12.4768004900122
41.9102825925221, 12.4768004900122
41.9102825925221, 12.4768004900122
41.9102825925221, 12.4768004900122
41.9102825925221, 12.4768004900122
41.9102825925221, 12.4768004900122
41.9102825925221, 12.4768004900122
41.9102825925221, 12.4768004900122
41.9102825925221, 12.4768004900122
41.9102825925221, 12.4768004900122
41.9102825925221, 12.4768004900122
41.9102825925221, 12.4768004900122
41.9102825925221, 12.4768004900122
41.9102825925221, 12.4768004900122
41.9102825925221, 12.4768004900122
41.9102825925221, 12.4768004900122
41.9102825925221, 12.4768004900122
41.9102825925221, 12.4768004900122
41.9102825925221, 12.4768004900122
41.9102825925221, 12.4768004900122
41.9103300870235, 12.476794215077
41.9103301163017, 12.4767942265037
41.9103301163017, 12.4767942265037
41.9103301163017, 12.4767942265037
41.9103301163017, 12.4767942265037
41.9103301163017, 12.4767942265037
41.9103301163017, 12.4767942265037
41.9103301163017, 12.4767942265037
41.9103301163017, 12.4767942265037
41.9103301163017, 12.4767942265037
41.9103301163017, 12.4767942265037
41.9103301163017, 12.4767942265037
41.9103301163017, 12.4767942265037
41.9103982307218, 12.4768324856251
41.9106164193825, 12.4772271725505
41.9112094040965, 12.4768901487333
41.9109985732538, 12.4757308077962
41.91042120215, 12.4750364069156
41.9104790573637, 12.4740597262577
41.9111250054805, 12.4735433495455
41.9114785003934, 12.4727213207229
41.9126047073344, 12.4724664331568
41.9136048286565, 12.4719362983319
41.9142762588458, 12.4716686348578
41.9142762588458, 12.4716686348578
41.9142762588458, 12.4716686348578
41.9150010219542, 12.471561702841
41.9164444000648, 12.471509196344
41.9177338834829, 12.4717935995903
41.9183630399967, 12.4718559072209
41.9187584873992, 12.4721283229433
41.9188544706575, 12.4724983503659
41.9188544706575, 12.4724983503659
41.9189241939779, 12.4732085006169
41.9190839221384, 12.4746493762435
41.919088693471, 12.474759104679
41.9189613815927, 12.4761958811563
41.9186793891419, 12.477684383995
41.9182549932066, 12.4792211021342
41.9173277260776, 12.4798920663005
41.9167052365511, 12.4813517962962
41.9164056166031, 12.4819745139384
41.9166534174391, 12.4818072256094
41.9166534174391, 12.4818072256094
41.9166534174391, 12.4818072256094
41.9166534174391, 12.4818072256094
41.9166928088756, 12.4815890484807
41.9170366410992, 12.4808126318198
41.9170366410992, 12.4808126318198
41.9172828313024, 12.4803330075548
41.9181300691721, 12.4794506624424
41.9187709265404, 12.477580949176
41.9190637691775, 12.4756934720346
41.9191215265928, 12.4753309934088
41.9191215265928, 12.4753309934088
41.9191396707648, 12.4747314540586
41.9194132298788, 12.4734034462535
41.9209292939232, 12.4727411812545
