41.8992688415497, 12.4643695500616
41.8995363373814, 12.4643203743863
41.8995363373814, 12.4643203743863
41.8995363373814, 12.4643203743863
41.8995363373814, 12.4643203743863
41.8995363373814, 12.4643203743863
41.9005749601029, 12.4645434019728
41.9012816307138, 12.4663926865444
41.9013802620884, 12.4685887517494
41.9016075263295, 12.4699963150375
41.9016075263295, 12.4699963150375
41.9016075263295, 12.4699963150375
41.9017273402689, 12.4705036306266
41.902283864453, 12.4721770616285
41.9029379036548, 12.4735057111713
41.9031940877441, 12.4738357928633
41.9036802667579, 12.4743772855066
41.9040124562372, 12.4746960060941
41.9040600554971, 12.4747105527183
41.9042202879037, 12.474772194502
41.9042202879037, 12.474772194502
41.9042202879037, 12.474772194502
41.9045252602954, 12.4749501885975
41.9051978101559, 12.475188169346
41.9061653069697, 12.4753075470966
41.907332274669, 12.4749751630702
41.908624685545, 12.474172139006
41.9092035125625, 12.4736437878085
41.9093137697763, 12.4735567111965
41.9093137697763, 12.4735567111965
41.9093137697763, 12.4735567111965
41.9093137697763, 12.4735567111965
41.9093137697763, 12.4735567111965
41.9093137697763, 12.4735567111965
41.9093137697763, 12.4735567111965
41.9094307354697, 12.4734156867733
41.9096404285922, 12.4732792787109
41.9097520869822, 12.4732348637672
41.9097520869822, 12.4732348637672
41.9097520869822, 12.4732348637672
41.9097520869822, 12.4732348637672
41.9097520869822, 12.4732348637672
41.9097520869822, 12.4732348637672
41.9097520869822, 12.4732348637672
41.9098641030965, 12.4732121818952
41.9100141739866, 12.4734739338555
41.9100810605694, 12.4739864322979
41.910299932053, 12.4748760101547
41.9102262982227, 12.4757648485276
41.9100592538317, 12.4762933727158
41.9100467948758, 12.4762926380553
41.9100467948758, 12.4762926380553
41.9100467948758, 12.4762926380553
41.9100467948758, 12.4762926380553
41.9096310469648, 12.4762525627905
41.9087773271045, 12.4760832584352
41.9076903539496, 12.4758984359513
41.9067392691135, 12.4757718906642
41.9064897984612, 12.4769834035106
41.9055099461699, 12.4771090337059
41.9048087515536, 12.4768943657767
41.904888998656, 12.4762598247643
41.904888998656, 12.4762598247643
41.904888998656, 12.4762598247643
41.9049327816452, 12.4757808429783
41.9047858611407, 12.475405980622
41.9044533535131, 12.4753861584036
41.9040658671381, 12.4761860884418
41.9036811703351, 12.4764802130899
41.9036703434167, 12.4771415837609
41.9037011018197, 12.4776937978598
41.9023222712674, 12.4793790653667
41.9023222712674, 12.4793790653667
41.9024311686422, 12.4795772095675
41.9021806099176, 12.4799819216326
41.9015215473293, 12.4803191179309
41.9017611488295, 12.4812824834594
41.9019987408012, 12.4822984320823
41.9020608744487, 12.4824966687345
41.9021561698208, 12.4827773056875
41.9024396648556, 12.4839690648972
41.9026612180137, 12.4851433470805
41.9027633606731, 12.4855180969689
41.9030498859403, 12.4864655687069
