41.8976604250707, 12.4694918006857
41.8977370228647, 12.4694110236974
41.8977370228647, 12.4694110236974
41.8981510904013, 12.4692920361041
41.8989988635414, 12.4695329813391
41.8992326623673, 12.468860669098
41.8990854456721, 12.4684970271579
41.8990854456721, 12.4684970271579
41.8990854456721, 12.4684970271579
41.8989652157283, 12.4683572512543
41.8985778746935, 12.4683763000497
41.8983435661203, 12.4683918406186
41.8983435661203, 12.4683918406186
41.89832190847, 12.468023856716
41.8994639660095, 12.4666402946952
41.9002289742026, 12.4665380962006
41.9008602876563, 12.4664502652754
41.9008602876563, 12.4664502652754
41.9008602876563, 12.4664502652754
41.9008602876563, 12.4664502652754
41.9008602876563, 12.4664502652754
41.9008602876563, 12.4664502652754
41.9008602876563, 12.4664502652754
41.9013064460652, 12.4668804307406
41.9015886953551, 12.4693931915958
41.9016939762003, 12.4700137998516
41.9016939762003, 12.4700137998516
41.9016939762003, 12.4700137998516
41.9018646258774, 12.4707351834693
41.9024510606972, 12.4725272246297
41.9027652702198, 12.4731797525555
41.9029805182088, 12.4735185621141
41.9035801085915, 12.4741757328736
41.9042100783156, 12.4747784230262
41.9043027580127, 12.4748269181764
41.9043027580127, 12.4748269181764
41.9043027580127, 12.4748269181764
41.9043027580127, 12.4748269181764
41.9043027580127, 12.4748269181764
41.9043027580127, 12.4748269181764
41.9048003873511, 12.4750185385914
41.9071295623748, 12.4750626476695
41.9071295623748, 12.4750626476695
41.9073074925497, 12.4749965057519
41.9080719254624, 12.4747980575948
41.9089396215336, 12.4741629831842
41.9106313484569, 12.4730583736611
41.9110676949246, 12.4728371255573
41.9141867388124, 12.4719060015519
41.9152101563252, 12.4716291655147
41.9172340322029, 12.4716245418869
41.9186443170847, 12.4718334227076
41.9200315883932, 12.4713824947785
41.920524936607, 12.4711423534548
41.9207561943084, 12.4712761430484
41.9207561943084, 12.4712761430484
41.9207561943084, 12.4712761430484
41.9207561943084, 12.4712761430484
41.9207561943084, 12.4712761430484
41.9208523882009, 12.4717610604004
41.9208756078346, 12.4718455507432
41.9208756078346, 12.4718455507432
41.9208756078346, 12.4718455507432
41.9208756078346, 12.4718455507432
41.9209598164585, 12.4720245659362
41.921700845416, 12.4725560841877
41.9232094649014, 12.4720706446038
41.9245302336719, 12.4722920795059
41.9251470795312, 12.4729107414142
41.9259553415764, 12.4736041377093
