41.9207477904583, 12.4803072660145
41.9207477904583, 12.4803072660145
41.9207477904583, 12.4803072660145
41.9207477904583, 12.4803072660145
41.9207477904583, 12.4803072660145
41.9207477904583, 12.4803072660145
41.9207477904583, 12.4803072660145
41.9207477904583, 12.4803072660145
41.9207477904583, 12.4803072660145
41.9207477904583, 12.4803072660145
41.9207477904583, 12.4803072660145
41.9207477904583, 12.4803072660145
41.9207477904583, 12.4803072660145
41.9207477904583, 12.4803072660145
41.9207477904583, 12.4803072660145
41.9207477904583, 12.4803072660145
41.9207477904583, 12.4803072660145
41.9207477904583, 12.4803072660145
41.9207477904583, 12.4803072660145
41.9207477904583, 12.4803072660145
41.9207477904583, 12.4803072660145
41.9207477904583, 12.4803072660145
41.9207477904583, 12.4803072660145
41.9207477904583, 12.4803072660145
41.9207477904583, 12.4803072660145
41.9207477904583, 12.4803072660145
41.9207477904583, 12.4803072660145
41.9207477904583, 12.4803072660145
41.9207477904583, 12.4803072660145
41.9207477904583, 12.4803072660145
41.9207477904583, 12.4803072660145
41.9207477904583, 12.4803072660145
41.9207477904583, 12.4803072660145
41.9207477904583, 12.4803072660145
41.9207477904583, 12.4803072660145
41.9207477904583, 12.4803072660145
41.9207477904583, 12.4803072660145
41.9207477904583, 12.4803072660145
41.9207477904583, 12.4803072660145
41.9207477904583, 12.4803072660145
41.9207477904583, 12.4803072660145
41.9207477904583, 12.4803072660145
41.9207477904583, 12.4803072660145
41.9207477904583, 12.4803072660145
41.9207477904583, 12.4803072660145
41.9207646706275, 12.4803119016151
41.9207646706275, 12.4803119016151
41.9207646706275, 12.4803119016151
41.9207646706275, 12.4803119016151
41.9207646706275, 12.4803119016151
41.9207646706275, 12.4803119016151
41.9207646706275, 12.4803119016151
41.9207646706275, 12.4803119016151
41.9207646706275, 12.4803119016151
41.9207646706275, 12.4803119016151
41.9207646706275, 12.4803119016151
41.9207646706275, 12.4803119016151
41.9207646706275, 12.4803119016151
41.9208690571674, 12.4803450930642
41.9208436248581, 12.4803637996764
41.9208436248581, 12.4803637996764
41.9208436248581, 12.4803637996764
41.9208436248581, 12.4803637996764
41.9208436248581, 12.4803637996764
41.9208436248581, 12.4803637996764
41.9208436248581, 12.4803637996764
41.9208436248581, 12.4803637996764
41.9208436248581, 12.4803637996764
41.9208436248581, 12.4803637996764
41.9208436248581, 12.4803637996764
41.9208436248581, 12.4803637996764
41.9208436248581, 12.4803637996764
41.9208436248581, 12.4803637996764
41.9208436248581, 12.4803637996764
41.9208436248581, 12.4803637996764
41.9208436248581, 12.4803637996764
41.9208436248581, 12.4803637996764
41.9208436248581, 12.4803637996764
41.9208436248581, 12.4803637996764
41.9208436248581, 12.4803637996764
41.9208436248581, 12.4803637996764
41.9208436248581, 12.4803637996764
41.9208436248581, 12.4803637996764
41.9208436248581, 12.4803637996764
41.9208436248581, 12.4803637996764
41.9208436248581, 12.4803637996764
41.9208436248581, 12.4803637996764
41.9208436248581, 12.4803637996764
41.9208436248581, 12.4803637996764
41.9208436248581, 12.4803637996764
41.9208436248581, 12.4803637996764
41.9208436248581, 12.4803637996764
41.9208436248581, 12.4803637996764
41.9208436248581, 12.4803637996764
41.9208436248581, 12.4803637996764
41.9208436248581, 12.4803637996764
41.9208436248581, 12.4803637996764
41.9208436248581, 12.4803637996764
41.9208436248581, 12.4803637996764
41.9208651792231, 12.4803060874374
41.9208421322909, 12.4803121960237
41.92083380613, 12.4803148172879
41.920803300484, 12.4803491079541
41.920803300484, 12.4803491079541
41.920803300484, 12.4803491079541
41.920803300484, 12.4803491079541
41.9208116660326, 12.4803382721247
41.9208116660326, 12.4803382721247
41.9208116660326, 12.4803382721247
41.9208116660326, 12.4803382721247
41.9208116660326, 12.4803382721247
41.9208116660326, 12.4803382721247
41.9208116660326, 12.4803382721247
41.9208116660326, 12.4803382721247
41.9208116660326, 12.4803382721247
41.9208056585985, 12.4803130274725
41.9208056548818, 12.4803129233897
41.9208056548818, 12.4803129233897
41.9208056548818, 12.4803129233897
41.9208056548818, 12.4803129233897
41.9208183560639, 12.4802842209361
41.9208299353584, 12.4802796524139
41.9208299353584, 12.4802796524139
41.9208299353584, 12.4802796524139
41.9208299353584, 12.4802796524139
41.9208287925269, 12.4802727568511
41.9208287925269, 12.4802727568511
41.9208287925269, 12.4802727568511
41.9208287925269, 12.4802727568511
41.9208287925269, 12.4802727568511
41.9208287925269, 12.4802727568511
41.9208287925269, 12.4802727568511
41.9208287925269, 12.4802727568511
41.9208287925269, 12.4802727568511
41.9208287925269, 12.4802727568511
41.9208295188675, 12.4802648550232
41.9208246662429, 12.4802629022067
41.9208246662429, 12.4802629022067
41.9208246662429, 12.4802629022067
41.9208109700064, 12.4802656214895
41.9205695326456, 12.4798420054128
41.9196358929788, 12.4791304549661
41.9187326177765, 12.4796502691511
41.9181828336915, 12.480967020618
41.9177327030766, 12.4810132169372
41.9169606293981, 12.4812757125522
41.9166758218847, 12.4814145005044
41.9163651140916, 12.4805374782765
41.9155073459098, 12.4808838521496
41.9143340831019, 12.48051557408
41.9137426400801, 12.4805461720596
41.913337434363, 12.4825526817573
41.9125212395757, 12.4845193276575
41.9116431275719, 12.4860311654841
41.9103707615862, 12.4873613606573
41.9095415432442, 12.4882764956413
41.9083667487426, 12.4890921716615
41.9071966324248, 12.4900462392635
41.9066310435542, 12.4903336442269
41.9061132979533, 12.490586386861
41.9053784525283, 12.492242629017
41.9051146746496, 12.4928539682479
41.9049202054634, 12.493209713092
41.9042965192632, 12.4942873548035
41.9034510012791, 12.4953244795555
41.9026029746058, 12.4960351789765
41.9019811022264, 12.4970475957733
41.9017324939702, 12.4980810914639
41.9018601286737, 12.498333070212
41.9018601286737, 12.498333070212
41.9018601286737, 12.498333070212
41.9018601286737, 12.498333070212
41.9019975611548, 12.4986612263087
41.9027503293589, 12.5000579265872
41.902586174331, 12.5008860871083
41.9014411549203, 12.5014419847568
41.9013552631885, 12.5013945956386
41.9013619660744, 12.5011282552196
41.9015465736427, 12.5009783029918
41.9015465736427, 12.5009783029918
41.9017862033392, 12.5010944861917
41.9017862033392, 12.5010944861917
41.9018172269555, 12.5009763146862
41.9009032592787, 12.5005591707474
41.9006671247747, 12.5004357850064
41.9006567301031, 12.5004187134172
41.9006578452059, 12.5003742868016
41.9010843684817, 12.4994555826391
41.9015601234272, 12.4988308139259
41.9015601234272, 12.4988308139259
41.9023330945018, 12.4975847993706
41.9029047967463, 12.4961328373635
